200	2	0.185	1.265	Biker
201	2	0.185	1.265	Biker
202	2	0.185	1.265	Biker
203	2	0.185	1.265	Biker
204	2	0.185	1.265	Biker
205	2	0.185	1.265	Biker
206	2	0.185	1.265	Biker
207	2	0.185	1.265	Biker
208	2	0.185	1.265	Biker
209	2	0.185	1.265	Biker
210	2	0.185	1.265	Biker
211	2	0.185	1.265	Biker
212	2	0.185	1.265	Biker
213	2	0.185	1.265	Biker
214	2	0.185	1.265	Biker
215	2	0.185	1.265	Biker
216	2	0.185	1.265	Biker
217	2	0.185	1.265	Biker
218	2	0.185	1.265	Biker
219	2	0.185	1.265	Biker
220	2	0.185	1.265	Biker
221	2	0.185	1.265	Biker
222	2	0.185	1.265	Biker
223	2	0.185	1.265	Biker
224	2	0.185	1.265	Biker
225	2	0.185	1.265	Biker
226	2	0.185	1.265	Biker
227	2	0.185	1.265	Biker
228	2	0.185	1.265	Biker
229	2	0.185	1.265	Biker
230	2	0.185	1.265	Biker
231	2	0.185	1.265	Biker
232	2	0.185	1.265	Biker
233	2	0.185	1.265	Biker
234	2	0.185	1.265	Biker
235	2	0.185	1.265	Biker
236	2	0.185	1.265	Biker
237	2	0.185	1.265	Biker
238	2	0.185	1.265	Biker
239	2	0.185	1.265	Biker
240	2	0.185	1.265	Biker
241	2	0.185	1.265	Biker
242	2	0.185	1.265	Biker
243	2	0.185	1.265	Biker
244	2	0.185	1.265	Biker
245	2	0.185	1.265	Biker
246	2	0.185	1.265	Biker
247	2	0.185	1.265	Biker
248	2	0.185	1.265	Biker
249	2	0.185	1.265	Biker
250	2	0.185	1.265	Biker
251	2	0.185	1.265	Biker
252	2	0.185	1.265	Biker
253	2	0.185	1.265	Biker
254	2	0.185	1.265	Biker
255	2	0.185	1.265	Biker
256	2	0.185	1.265	Biker
257	2	0.185	1.265	Biker
258	2	0.185	1.265	Biker
259	2	0.185	1.265	Biker
260	2	0.185	1.265	Biker
261	2	0.185	1.265	Biker
262	2	0.185	1.265	Biker
263	2	0.185	1.265	Biker
264	2	0.185	1.265	Biker
265	2	0.185	1.265	Biker
266	2	0.185	1.265	Biker
267	2	0.205	1.245	Biker
268	2	0.245	1.245	Biker
269	2	0.265	1.22	Biker
270	2	0.295	1.22	Biker
271	2	0.335	1.195	Biker
272	2	0.375	1.195	Biker
273	2	0.405	1.195	Biker
274	2	0.445	1.175	Biker
275	2	0.485	1.175	Biker
276	2	0.515	1.155	Biker
277	2	0.555	1.155	Biker
278	2	0.665	1.105	Biker
279	2	0.83	1.04	Biker
280	2	0.995	0.995	Biker
281	2	1.165	0.925	Biker
282	2	1.325	0.885	Biker
283	2	1.495	0.835	Biker
284	2	1.635	0.795	Biker
285	2	1.805	0.745	Biker
286	2	1.965	0.705	Biker
287	2	2.135	0.655	Biker
288	2	2.295	0.635	Biker
200	3	0.295	1.2	Biker
201	3	0.295	1.2	Biker
202	3	0.295	1.2	Biker
203	3	0.295	1.2	Biker
204	3	0.295	1.2	Biker
205	3	0.295	1.2	Biker
206	3	0.295	1.2	Biker
207	3	0.295	1.2	Biker
208	3	0.295	1.2	Biker
209	3	0.295	1.2	Biker
210	3	0.295	1.2	Biker
211	3	0.295	1.2	Biker
212	3	0.295	1.2	Biker
213	3	0.295	1.2	Biker
214	3	0.295	1.2	Biker
215	3	0.295	1.2	Biker
216	3	0.295	1.2	Biker
217	3	0.295	1.2	Biker
218	3	0.295	1.2	Biker
219	3	0.295	1.2	Biker
220	3	0.295	1.2	Biker
221	3	0.295	1.2	Biker
222	3	0.295	1.2	Biker
223	3	0.295	1.2	Biker
224	3	0.295	1.2	Biker
225	3	0.295	1.2	Biker
226	3	0.295	1.2	Biker
227	3	0.295	1.2	Biker
228	3	0.295	1.2	Biker
229	3	0.295	1.2	Biker
230	3	0.295	1.2	Biker
231	3	0.295	1.2	Biker
232	3	0.295	1.2	Biker
233	3	0.295	1.2	Biker
234	3	0.295	1.2	Biker
235	3	0.295	1.2	Biker
236	3	0.295	1.2	Biker
237	3	0.295	1.2	Biker
238	3	0.295	1.2	Biker
239	3	0.295	1.2	Biker
240	3	0.295	1.2	Biker
241	3	0.295	1.2	Biker
242	3	0.295	1.2	Biker
243	3	0.295	1.2	Biker
244	3	0.295	1.2	Biker
245	3	0.295	1.2	Biker
246	3	0.295	1.2	Biker
247	3	0.295	1.2	Biker
248	3	0.295	1.2	Biker
249	3	0.295	1.2	Biker
250	3	0.295	1.2	Biker
251	3	0.295	1.2	Biker
252	3	0.295	1.2	Biker
253	3	0.295	1.2	Biker
254	3	0.295	1.2	Biker
255	3	0.295	1.2	Biker
256	3	0.295	1.2	Biker
257	3	0.295	1.2	Biker
258	3	0.295	1.2	Biker
259	3	0.295	1.2	Biker
260	3	0.295	1.2	Biker
261	3	0.295	1.2	Biker
262	3	0.295	1.2	Biker
263	3	0.295	1.2	Biker
264	3	0.295	1.2	Biker
265	3	0.295	1.2	Biker
266	3	0.295	1.2	Biker
267	3	0.295	1.2	Biker
268	3	0.295	1.2	Biker
269	3	0.295	1.2	Biker
270	3	0.295	1.2	Biker
271	3	0.295	1.2	Biker
272	3	0.295	1.2	Biker
273	3	0.295	1.2	Biker
274	3	0.295	1.2	Biker
275	3	0.295	1.2	Biker
276	3	0.295	1.2	Biker
277	3	0.295	1.2	Biker
278	3	0.295	1.2	Biker
279	3	0.295	1.2	Biker
280	3	0.295	1.2	Biker
281	3	0.295	1.2	Biker
282	3	0.295	1.2	Biker
283	3	0.295	1.2	Biker
284	3	0.295	1.2	Biker
285	3	0.295	1.2	Biker
286	3	0.295	1.2	Biker
287	3	0.295	1.2	Biker
288	3	0.295	1.2	Biker
200	12	1.615	0.31	Biker
201	12	1.615	0.31	Biker
202	12	1.615	0.31	Biker
203	12	1.615	0.31	Biker
204	12	1.615	0.31	Biker
205	12	1.615	0.31	Biker
206	12	1.615	0.31	Biker
207	12	1.615	0.31	Biker
208	12	1.615	0.31	Biker
209	12	1.615	0.31	Biker
210	12	1.615	0.31	Biker
211	12	1.615	0.31	Biker
212	12	1.615	0.31	Biker
213	12	1.615	0.31	Biker
214	12	1.615	0.31	Biker
215	12	1.615	0.31	Biker
216	12	1.615	0.31	Biker
217	12	1.615	0.31	Biker
218	12	1.615	0.31	Biker
219	12	1.615	0.31	Biker
220	12	1.615	0.31	Biker
221	12	1.615	0.31	Biker
222	12	1.615	0.31	Biker
223	12	1.615	0.31	Biker
224	12	1.615	0.31	Biker
225	12	1.615	0.31	Biker
226	12	1.615	0.31	Biker
227	12	1.615	0.31	Biker
228	12	1.615	0.31	Biker
229	12	1.615	0.31	Biker
230	12	1.615	0.31	Biker
231	12	1.615	0.31	Biker
232	12	1.615	0.31	Biker
233	12	1.615	0.31	Biker
234	12	1.615	0.31	Biker
235	12	1.615	0.31	Biker
236	12	1.615	0.31	Biker
237	12	1.615	0.31	Biker
238	12	1.615	0.31	Biker
239	12	1.615	0.31	Biker
240	12	1.615	0.31	Biker
241	12	1.615	0.31	Biker
242	12	1.615	0.31	Biker
243	12	1.615	0.31	Biker
244	12	1.615	0.31	Biker
245	12	1.615	0.31	Biker
246	12	1.615	0.31	Biker
247	12	1.615	0.31	Biker
248	12	1.615	0.31	Biker
249	12	1.615	0.31	Biker
250	12	1.615	0.31	Biker
251	12	1.615	0.31	Biker
252	12	1.615	0.31	Biker
253	12	1.615	0.31	Biker
254	12	1.615	0.31	Biker
255	12	1.615	0.31	Biker
256	12	1.615	0.31	Biker
257	12	1.615	0.31	Biker
258	12	1.615	0.31	Biker
259	12	1.615	0.31	Biker
260	12	1.615	0.31	Biker
261	12	1.615	0.31	Biker
262	12	1.615	0.31	Biker
263	12	1.615	0.31	Biker
264	12	1.615	0.31	Biker
265	12	1.445	0.29	Biker
266	12	1.17	0.29	Biker
267	12	0.985	0.29	Biker
268	12	0.84	0.33	Biker
269	12	0.715	0.355	Biker
270	12	0.565	0.4	Biker
271	12	0.415	0.465	Biker
272	12	0.24	0.58	Biker
273	12	0.19	0.69	Biker
274	12	0.28	1.005	Biker
275	12	0.315	1.075	Biker
276	12	0.27	0.96	Biker
277	12	0.235	0.85	Biker
278	12	0.225	0.825	Biker
279	12	0.225	0.825	Biker
280	12	0.225	0.825	Biker
281	12	0.225	0.825	Biker
282	12	0.225	0.825	Biker
283	12	0.225	0.825	Biker
284	12	0.225	0.825	Biker
285	12	0.225	0.825	Biker
286	12	0.225	0.825	Biker
287	12	0.225	0.825	Biker
288	12	0.225	0.825	Biker
0	131	9.91	0.385	Biker
1	131	10.02	0.365	Biker
2	131	10.15	0.345	Biker
3	131	10.26	0.32	Biker
4	131	10.39	0.295	Biker
5	131	10.5	0.275	Biker
6	131	10.63	0.255	Biker
7	131	10.77	0.2	Biker
8	131	10.92	0.165	Biker
9	131	10.92	0.165	Biker
10	131	10.92	0.165	Biker
11	131	10.92	0.165	Biker
12	131	10.92	0.165	Biker
13	131	10.92	0.165	Biker
14	131	10.92	0.165	Biker
15	131	10.92	0.165	Biker
16	131	10.92	0.165	Biker
17	131	10.92	0.165	Biker
18	131	10.92	0.165	Biker
19	131	10.92	0.165	Biker
20	131	10.92	0.165	Biker
21	131	10.92	0.165	Biker
22	131	10.92	0.165	Biker
23	131	10.92	0.165	Biker
24	131	10.92	0.165	Biker
25	131	10.92	0.165	Biker
26	131	10.92	0.165	Biker
27	131	10.92	0.165	Biker
28	131	10.92	0.165	Biker
29	131	10.92	0.165	Biker
30	131	10.92	0.165	Biker
31	131	10.92	0.165	Biker
32	131	10.92	0.165	Biker
33	131	10.92	0.165	Biker
34	131	10.92	0.165	Biker
35	131	10.92	0.165	Biker
36	131	10.92	0.165	Biker
37	131	10.92	0.165	Biker
38	131	10.92	0.165	Biker
39	131	10.92	0.165	Biker
40	131	10.92	0.165	Biker
41	131	10.92	0.165	Biker
42	131	10.92	0.165	Biker
43	131	10.92	0.165	Biker
44	131	10.92	0.165	Biker
45	131	10.92	0.165	Biker
46	131	10.92	0.165	Biker
47	131	10.92	0.165	Biker
48	131	10.92	0.165	Biker
49	131	10.92	0.165	Biker
50	131	10.92	0.165	Biker
51	131	10.92	0.165	Biker
52	131	10.92	0.165	Biker
53	131	10.92	0.165	Biker
54	131	10.92	0.165	Biker
55	131	10.92	0.165	Biker
56	131	10.92	0.165	Biker
57	131	10.92	0.165	Biker
58	131	10.92	0.165	Biker
59	131	10.92	0.165	Biker
60	131	10.92	0.165	Biker
61	131	10.92	0.165	Biker
62	131	10.92	0.165	Biker
63	131	10.92	0.165	Biker
64	131	10.92	0.165	Biker
65	131	10.92	0.165	Biker
66	131	10.92	0.165	Biker
67	131	10.92	0.165	Biker
68	131	10.92	0.165	Biker
69	131	10.92	0.165	Biker
70	131	10.92	0.165	Biker
71	131	10.92	0.165	Biker
72	131	10.92	0.165	Biker
73	131	10.92	0.165	Biker
74	131	10.92	0.165	Biker
75	131	10.92	0.165	Biker
76	131	10.92	0.165	Biker
77	131	10.92	0.165	Biker
78	131	10.92	0.165	Biker
79	131	10.92	0.165	Biker
80	131	10.92	0.165	Biker
81	131	10.92	0.165	Biker
82	131	10.92	0.165	Biker
83	131	10.92	0.165	Biker
84	131	10.92	0.165	Biker
85	131	10.92	0.165	Biker
86	131	10.92	0.165	Biker
87	131	10.92	0.165	Biker
88	131	10.92	0.165	Biker
89	131	10.92	0.165	Biker
90	131	10.92	0.165	Biker
91	131	10.92	0.165	Biker
92	131	10.92	0.165	Biker
93	131	10.92	0.165	Biker
94	131	10.92	0.165	Biker
95	131	10.92	0.165	Biker
96	131	10.92	0.165	Biker
97	131	10.92	0.165	Biker
98	131	10.92	0.165	Biker
99	131	10.92	0.165	Biker
100	131	10.92	0.165	Biker
101	131	10.92	0.165	Biker
102	131	10.92	0.165	Biker
103	131	10.92	0.165	Biker
104	131	10.92	0.165	Biker
105	131	10.92	0.165	Biker
106	131	10.92	0.165	Biker
0	132	10.17	0.13	Biker
1	132	10.22	0.11	Biker
2	132	10.295	0.1	Biker
3	132	10.295	0.1	Biker
4	132	10.295	0.1	Biker
5	132	10.295	0.1	Biker
6	132	10.295	0.1	Biker
7	132	10.295	0.1	Biker
8	132	10.295	0.1	Biker
9	132	10.295	0.1	Biker
10	132	10.295	0.1	Biker
11	132	10.295	0.1	Biker
12	132	10.295	0.1	Biker
13	132	10.295	0.1	Biker
14	132	10.295	0.1	Biker
15	132	10.295	0.1	Biker
16	132	10.295	0.1	Biker
17	132	10.295	0.1	Biker
18	132	10.295	0.1	Biker
19	132	10.295	0.1	Biker
20	132	10.295	0.1	Biker
21	132	10.295	0.1	Biker
22	132	10.295	0.1	Biker
23	132	10.295	0.1	Biker
24	132	10.295	0.1	Biker
25	132	10.295	0.1	Biker
26	132	10.295	0.1	Biker
27	132	10.295	0.1	Biker
28	132	10.295	0.1	Biker
29	132	10.295	0.1	Biker
30	132	10.295	0.1	Biker
31	132	10.295	0.1	Biker
32	132	10.295	0.1	Biker
33	132	10.295	0.1	Biker
34	132	10.295	0.1	Biker
35	132	10.295	0.1	Biker
36	132	10.295	0.1	Biker
37	132	10.295	0.1	Biker
38	132	10.295	0.1	Biker
39	132	10.295	0.1	Biker
40	132	10.295	0.1	Biker
41	132	10.295	0.1	Biker
42	132	10.295	0.1	Biker
43	132	10.295	0.1	Biker
44	132	10.295	0.1	Biker
45	132	10.295	0.1	Biker
46	132	10.295	0.1	Biker
47	132	10.295	0.1	Biker
48	132	10.295	0.1	Biker
49	132	10.295	0.1	Biker
50	132	10.295	0.1	Biker
51	132	10.295	0.1	Biker
52	132	10.295	0.1	Biker
53	132	10.295	0.1	Biker
54	132	10.295	0.1	Biker
55	132	10.295	0.1	Biker
56	132	10.295	0.1	Biker
57	132	10.295	0.1	Biker
58	132	10.295	0.1	Biker
59	132	10.295	0.1	Biker
60	132	10.295	0.1	Biker
61	132	10.295	0.1	Biker
62	132	10.295	0.1	Biker
63	132	10.295	0.1	Biker
64	132	10.295	0.1	Biker
65	132	10.295	0.1	Biker
66	132	10.295	0.1	Biker
67	132	10.295	0.1	Biker
68	132	10.295	0.1	Biker
69	132	10.295	0.1	Biker
70	132	10.295	0.1	Biker
71	132	10.295	0.1	Biker
72	132	10.295	0.1	Biker
73	132	10.295	0.1	Biker
74	132	10.295	0.1	Biker
75	132	10.295	0.1	Biker
76	132	10.295	0.1	Biker
77	132	10.295	0.1	Biker
78	132	10.295	0.1	Biker
79	132	10.295	0.1	Biker
80	132	10.295	0.1	Biker
81	132	10.295	0.1	Biker
82	132	10.295	0.1	Biker
83	132	10.295	0.1	Biker
84	132	10.295	0.1	Biker
85	132	10.295	0.1	Biker
86	132	10.295	0.1	Biker
87	132	10.295	0.1	Biker
88	132	10.295	0.1	Biker
89	132	10.295	0.1	Biker
90	132	10.295	0.1	Biker
91	132	10.295	0.1	Biker
92	132	10.295	0.1	Biker
93	132	10.295	0.1	Biker
94	132	10.295	0.1	Biker
95	132	10.295	0.1	Biker
96	132	10.295	0.1	Biker
97	132	10.295	0.1	Biker
98	132	10.295	0.1	Biker
99	132	10.295	0.1	Biker
100	132	10.295	0.1	Biker
101	132	10.295	0.1	Biker
102	132	10.295	0.1	Biker
103	132	10.295	0.1	Biker
104	132	10.295	0.1	Biker
105	132	10.295	0.1	Biker
106	132	10.295	0.1	Biker
0	133	0.875	0.21	Biker
1	133	0.895	0.2	Biker
2	133	0.915	0.2	Biker
3	133	0.935	0.2	Biker
4	133	0.965	0.2	Biker
5	133	0.985	0.19	Biker
6	133	1.005	0.19	Biker
7	133	1.025	0.19	Biker
8	133	1.06	0.19	Biker
9	133	1.075	0.175	Biker
10	133	1.095	0.175	Biker
11	133	1.115	0.175	Biker
12	133	1.155	0.175	Biker
13	133	1.17	0.165	Biker
14	133	1.185	0.165	Biker
15	133	1.205	0.165	Biker
16	133	1.245	0.165	Biker
17	133	1.265	0.155	Biker
18	133	1.28	0.155	Biker
19	133	1.295	0.155	Biker
20	133	1.335	0.155	Biker
21	133	1.355	0.145	Biker
22	133	1.375	0.145	Biker
23	133	1.39	0.145	Biker
24	133	1.425	0.145	Biker
25	133	1.335	0.165	Biker
26	133	1.245	0.19	Biker
27	133	1.115	0.2	Biker
28	133	0.985	0.22	Biker
29	133	0.84	0.265	Biker
30	133	0.705	0.305	Biker
31	133	0.555	0.355	Biker
32	133	0.415	0.425	Biker
33	133	0.315	0.465	Biker
34	133	0.225	0.535	Biker
35	133	0.155	0.575	Biker
36	133	0.11	0.605	Biker
37	133	0.11	0.605	Biker
38	133	0.11	0.605	Biker
39	133	0.11	0.605	Biker
40	133	0.11	0.605	Biker
41	133	0.11	0.605	Biker
42	133	0.11	0.605	Biker
43	133	0.11	0.605	Biker
44	133	0.11	0.605	Biker
45	133	0.11	0.605	Biker
46	133	0.11	0.605	Biker
47	133	0.11	0.605	Biker
48	133	0.11	0.605	Biker
49	133	0.11	0.605	Biker
50	133	0.11	0.605	Biker
51	133	0.11	0.605	Biker
52	133	0.11	0.605	Biker
53	133	0.11	0.605	Biker
54	133	0.11	0.605	Biker
55	133	0.11	0.605	Biker
56	133	0.11	0.605	Biker
57	133	0.11	0.605	Biker
58	133	0.11	0.605	Biker
59	133	0.11	0.605	Biker
60	133	0.11	0.605	Biker
61	133	0.11	0.605	Biker
62	133	0.11	0.605	Biker
63	133	0.11	0.605	Biker
64	133	0.11	0.605	Biker
65	133	0.11	0.605	Biker
66	133	0.11	0.605	Biker
67	133	0.11	0.605	Biker
68	133	0.11	0.605	Biker
69	133	0.11	0.605	Biker
70	133	0.11	0.605	Biker
71	133	0.11	0.605	Biker
72	133	0.11	0.605	Biker
73	133	0.11	0.605	Biker
74	133	0.11	0.605	Biker
75	133	0.11	0.605	Biker
76	133	0.11	0.605	Biker
77	133	0.11	0.605	Biker
78	133	0.11	0.605	Biker
79	133	0.11	0.605	Biker
80	133	0.11	0.605	Biker
81	133	0.11	0.605	Biker
82	133	0.11	0.605	Biker
83	133	0.11	0.605	Biker
84	133	0.11	0.605	Biker
85	133	0.11	0.605	Biker
86	133	0.11	0.605	Biker
87	133	0.11	0.605	Biker
88	133	0.11	0.605	Biker
89	133	0.11	0.605	Biker
90	133	0.11	0.605	Biker
91	133	0.11	0.605	Biker
92	133	0.11	0.605	Biker
93	133	0.11	0.605	Biker
94	133	0.11	0.605	Biker
95	133	0.11	0.605	Biker
96	133	0.11	0.605	Biker
97	133	0.11	0.605	Biker
98	133	0.11	0.605	Biker
99	133	0.11	0.605	Biker
100	133	0.11	0.605	Biker
101	133	0.11	0.605	Biker
102	133	0.11	0.605	Biker
103	133	0.11	0.605	Biker
104	133	0.11	0.605	Biker
105	133	0.11	0.605	Biker
106	133	0.11	0.605	Biker
0	134	0.54	0.22	Biker
1	134	0.54	0.2	Biker
2	134	0.555	0.2	Biker
3	134	0.57	0.2	Biker
4	134	0.59	0.2	Biker
5	134	0.61	0.2	Biker
6	134	0.63	0.2	Biker
7	134	0.65	0.2	Biker
8	134	0.665	0.19	Biker
9	134	0.68	0.19	Biker
10	134	0.7	0.19	Biker
11	134	0.72	0.19	Biker
12	134	0.72	0.19	Biker
13	134	0.74	0.19	Biker
14	134	0.76	0.19	Biker
15	134	0.775	0.175	Biker
16	134	0.79	0.175	Biker
17	134	0.81	0.175	Biker
18	134	0.83	0.175	Biker
19	134	0.85	0.175	Biker
20	134	0.87	0.175	Biker
21	134	0.885	0.175	Biker
22	134	0.905	0.165	Biker
23	134	0.905	0.165	Biker
24	134	0.92	0.165	Biker
25	134	0.94	0.165	Biker
26	134	0.96	0.165	Biker
27	134	0.98	0.165	Biker
28	134	0.995	0.165	Biker
29	134	1.015	0.155	Biker
30	134	1.03	0.155	Biker
31	134	1.05	0.155	Biker
32	134	1.07	0.155	Biker
33	134	1.09	0.155	Biker
34	134	1.09	0.155	Biker
35	134	1.105	0.155	Biker
36	134	1.125	0.155	Biker
37	134	1.03	0.155	Biker
38	134	0.92	0.155	Biker
39	134	0.76	0.175	Biker
40	134	0.57	0.2	Biker
41	134	0.4	0.265	Biker
42	134	0.24	0.32	Biker
43	134	0.18	0.39	Biker
44	134	0.115	0.48	Biker
45	134	0.09	0.52	Biker
46	134	0.09	0.52	Biker
47	134	0.09	0.52	Biker
48	134	0.09	0.52	Biker
49	134	0.09	0.52	Biker
50	134	0.09	0.52	Biker
51	134	0.09	0.52	Biker
52	134	0.09	0.52	Biker
53	134	0.09	0.52	Biker
54	134	0.09	0.52	Biker
55	134	0.09	0.52	Biker
56	134	0.09	0.52	Biker
57	134	0.09	0.52	Biker
58	134	0.09	0.52	Biker
59	134	0.09	0.52	Biker
60	134	0.09	0.52	Biker
61	134	0.09	0.52	Biker
62	134	0.09	0.52	Biker
63	134	0.09	0.52	Biker
64	134	0.09	0.52	Biker
65	134	0.09	0.52	Biker
66	134	0.09	0.52	Biker
67	134	0.09	0.52	Biker
68	134	0.09	0.52	Biker
69	134	0.09	0.52	Biker
70	134	0.09	0.52	Biker
71	134	0.09	0.52	Biker
72	134	0.09	0.52	Biker
73	134	0.09	0.52	Biker
74	134	0.09	0.52	Biker
75	134	0.09	0.52	Biker
76	134	0.09	0.52	Biker
77	134	0.09	0.52	Biker
78	134	0.09	0.52	Biker
79	134	0.09	0.52	Biker
80	134	0.09	0.52	Biker
81	134	0.09	0.52	Biker
82	134	0.09	0.52	Biker
83	134	0.09	0.52	Biker
84	134	0.09	0.52	Biker
85	134	0.09	0.52	Biker
86	134	0.09	0.52	Biker
87	134	0.09	0.52	Biker
88	134	0.09	0.52	Biker
89	134	0.09	0.52	Biker
90	134	0.09	0.52	Biker
91	134	0.09	0.52	Biker
92	134	0.09	0.52	Biker
93	134	0.09	0.52	Biker
94	134	0.09	0.52	Biker
95	134	0.09	0.52	Biker
96	134	0.09	0.52	Biker
97	134	0.09	0.52	Biker
98	134	0.09	0.52	Biker
99	134	0.09	0.52	Biker
100	134	0.09	0.52	Biker
101	134	0.09	0.52	Biker
102	134	0.09	0.52	Biker
103	134	0.09	0.52	Biker
104	134	0.09	0.52	Biker
105	134	0.09	0.52	Biker
106	134	0.09	0.52	Biker
0	135	12.06	0.375	Biker
1	135	12.06	0.375	Biker
2	135	12.06	0.375	Biker
3	135	12.08	0.375	Biker
4	135	12.08	0.375	Biker
5	135	12.08	0.375	Biker
6	135	12.095	0.375	Biker
7	135	12.095	0.375	Biker
8	135	12.11	0.395	Biker
9	135	12.11	0.395	Biker
10	135	12.11	0.395	Biker
11	135	12.13	0.395	Biker
12	135	12.13	0.395	Biker
13	135	12.15	0.395	Biker
14	135	12.15	0.395	Biker
15	135	12.15	0.395	Biker
16	135	12.17	0.425	Biker
17	135	12.17	0.425	Biker
18	135	12.19	0.425	Biker
19	135	12.19	0.425	Biker
20	135	12.19	0.425	Biker
21	135	12.205	0.425	Biker
22	135	12.205	0.425	Biker
23	135	12.22	0.445	Biker
24	135	12.22	0.445	Biker
25	135	12.22	0.445	Biker
26	135	12.24	0.445	Biker
27	135	12.24	0.445	Biker
28	135	12.26	0.445	Biker
29	135	12.26	0.445	Biker
30	135	12.26	0.445	Biker
31	135	12.28	0.465	Biker
32	135	12.28	0.465	Biker
33	135	12.3	0.465	Biker
34	135	12.3	0.465	Biker
35	135	12.3	0.465	Biker
36	135	12.315	0.465	Biker
37	135	12.315	0.465	Biker
38	135	12.33	0.485	Biker
39	135	12.33	0.485	Biker
40	135	12.33	0.485	Biker
41	135	12.35	0.485	Biker
42	135	12.35	0.485	Biker
43	135	12.37	0.485	Biker
44	135	12.37	0.485	Biker
45	135	12.37	0.485	Biker
46	135	12.39	0.515	Biker
47	135	12.39	0.515	Biker
48	135	12.41	0.515	Biker
49	135	12.41	0.515	Biker
50	135	12.41	0.515	Biker
51	135	12.425	0.515	Biker
52	135	12.425	0.515	Biker
53	135	12.44	0.535	Biker
54	135	12.44	0.535	Biker
55	135	12.44	0.535	Biker
56	135	12.46	0.535	Biker
57	135	12.46	0.535	Biker
58	135	12.48	0.535	Biker
59	135	12.48	0.535	Biker
60	135	12.48	0.535	Biker
61	135	12.5	0.555	Biker
62	135	12.5	0.555	Biker
63	135	12.52	0.555	Biker
64	135	12.52	0.555	Biker
65	135	12.52	0.555	Biker
66	135	12.535	0.555	Biker
67	135	12.535	0.555	Biker
68	135	12.555	0.575	Biker
69	135	12.555	0.575	Biker
70	135	12.555	0.575	Biker
71	135	12.57	0.575	Biker
72	135	12.57	0.575	Biker
73	135	12.59	0.575	Biker
74	135	12.59	0.575	Biker
75	135	12.59	0.575	Biker
76	135	12.61	0.605	Biker
77	135	12.61	0.605	Biker
78	135	12.61	0.605	Biker
79	135	12.63	0.605	Biker
80	135	12.63	0.605	Biker
81	135	12.645	0.605	Biker
82	135	12.645	0.605	Biker
83	135	12.645	0.605	Biker
84	135	12.665	0.625	Biker
85	135	12.665	0.625	Biker
86	135	12.68	0.625	Biker
87	135	12.68	0.625	Biker
88	135	12.68	0.625	Biker
89	135	12.7	0.625	Biker
90	135	12.7	0.625	Biker
91	135	12.63	0.605	Biker
92	135	12.42	0.535	Biker
93	135	12.22	0.465	Biker
94	135	12.025	0.365	Biker
95	135	11.845	0.29	Biker
96	135	11.655	0.22	Biker
97	135	11.44	0.19	Biker
98	135	11.18	0.155	Biker
99	135	10.86	0.13	Biker
100	135	10.49	0.11	Biker
101	135	10.16	0.1	Biker
102	135	9.92	0.1	Biker
103	135	9.66	0.1	Biker
104	135	9.42	0.085	Biker
105	135	9.185	0.085	Biker
106	135	8.93	0.085	Biker
0	136	11.605	0.165	Pedestrian
1	136	11.605	0.155	Pedestrian
2	136	11.605	0.155	Pedestrian
3	136	11.605	0.155	Pedestrian
4	136	11.605	0.155	Pedestrian
5	136	11.605	0.155	Pedestrian
6	136	11.605	0.155	Pedestrian
7	136	11.605	0.155	Pedestrian
8	136	11.605	0.155	Pedestrian
9	136	11.605	0.155	Pedestrian
10	136	11.605	0.155	Pedestrian
11	136	11.605	0.155	Pedestrian
12	136	11.605	0.155	Pedestrian
13	136	11.605	0.155	Pedestrian
14	136	11.605	0.155	Pedestrian
15	136	11.605	0.155	Pedestrian
16	136	11.615	0.155	Pedestrian
17	136	11.615	0.155	Pedestrian
18	136	11.615	0.155	Pedestrian
19	136	11.615	0.155	Pedestrian
20	136	11.615	0.155	Pedestrian
21	136	11.625	0.155	Pedestrian
22	136	11.625	0.155	Pedestrian
23	136	11.625	0.155	Pedestrian
24	136	11.625	0.155	Pedestrian
25	136	11.625	0.155	Pedestrian
26	136	11.625	0.155	Pedestrian
27	136	11.625	0.155	Pedestrian
28	136	11.625	0.155	Pedestrian
29	136	11.625	0.155	Pedestrian
30	136	11.625	0.155	Pedestrian
31	136	11.625	0.155	Pedestrian
32	136	11.635	0.155	Pedestrian
33	136	11.635	0.155	Pedestrian
34	136	11.635	0.155	Pedestrian
35	136	11.635	0.155	Pedestrian
36	136	11.635	0.155	Pedestrian
37	136	11.635	0.155	Pedestrian
38	136	11.635	0.155	Pedestrian
39	136	11.635	0.155	Pedestrian
40	136	11.635	0.155	Pedestrian
41	136	11.635	0.155	Pedestrian
42	136	11.645	0.155	Pedestrian
43	136	11.645	0.155	Pedestrian
44	136	11.645	0.155	Pedestrian
45	136	11.645	0.155	Pedestrian
46	136	11.645	0.155	Pedestrian
47	136	11.655	0.155	Pedestrian
48	136	11.655	0.155	Pedestrian
49	136	11.655	0.155	Pedestrian
50	136	11.655	0.155	Pedestrian
51	136	11.655	0.155	Pedestrian
52	136	11.655	0.155	Pedestrian
53	136	11.655	0.155	Pedestrian
54	136	11.655	0.155	Pedestrian
55	136	11.655	0.155	Pedestrian
56	136	11.655	0.155	Pedestrian
57	136	11.655	0.155	Pedestrian
58	136	11.655	0.155	Pedestrian
59	136	11.655	0.155	Pedestrian
60	136	11.655	0.155	Pedestrian
61	136	11.655	0.155	Pedestrian
62	136	11.655	0.155	Pedestrian
63	136	11.675	0.165	Pedestrian
64	136	11.675	0.175	Pedestrian
65	136	11.675	0.21	Pedestrian
66	136	11.705	0.25	Pedestrian
67	136	11.725	0.275	Pedestrian
68	136	11.765	0.32	Pedestrian
69	136	11.785	0.365	Pedestrian
70	136	11.805	0.41	Pedestrian
71	136	11.835	0.455	Pedestrian
72	136	11.855	0.5	Pedestrian
73	136	11.895	0.545	Pedestrian
74	136	11.915	0.59	Pedestrian
75	136	11.945	0.635	Pedestrian
76	136	12.005	0.7	Pedestrian
77	136	12.04	0.77	Pedestrian
78	136	12.095	0.84	Pedestrian
79	136	12.15	0.905	Pedestrian
80	136	12.185	0.95	Pedestrian
81	136	12.245	0.995	Pedestrian
82	136	12.275	1.02	Pedestrian
83	136	12.275	1.02	Pedestrian
84	136	12.275	1.02	Pedestrian
85	136	12.275	1.02	Pedestrian
86	136	12.275	1.02	Pedestrian
87	136	12.275	1.02	Pedestrian
88	136	12.275	1.02	Pedestrian
89	136	12.275	1.02	Pedestrian
90	136	12.275	1.02	Pedestrian
91	136	12.275	1.02	Pedestrian
92	136	12.275	1.02	Pedestrian
93	136	12.275	1.02	Pedestrian
94	136	12.275	1.02	Pedestrian
95	136	12.275	1.02	Pedestrian
96	136	12.275	1.02	Pedestrian
97	136	12.275	1.02	Pedestrian
98	136	12.275	1.02	Pedestrian
99	136	12.275	1.02	Pedestrian
100	136	12.275	1.02	Pedestrian
101	136	12.275	1.02	Pedestrian
102	136	12.275	1.02	Pedestrian
103	136	12.275	1.02	Pedestrian
104	136	12.275	1.02	Pedestrian
105	136	12.275	1.02	Pedestrian
106	136	12.275	1.02	Pedestrian
0	137	12.095	0.28	Biker
1	137	12.095	0.28	Biker
2	137	12.095	0.28	Biker
3	137	12.095	0.28	Biker
4	137	12.095	0.28	Biker
5	137	12.095	0.28	Biker
6	137	12.095	0.28	Biker
7	137	12.095	0.28	Biker
8	137	12.095	0.28	Biker
9	137	12.095	0.28	Biker
10	137	12.095	0.28	Biker
11	137	12.095	0.28	Biker
12	137	12.095	0.28	Biker
13	137	12.095	0.28	Biker
14	137	12.095	0.28	Biker
15	137	12.095	0.28	Biker
16	137	12.095	0.28	Biker
17	137	12.095	0.28	Biker
18	137	12.095	0.28	Biker
19	137	12.095	0.28	Biker
20	137	12.095	0.28	Biker
21	137	12.095	0.28	Biker
22	137	12.095	0.28	Biker
23	137	12.095	0.28	Biker
24	137	12.095	0.28	Biker
25	137	12.095	0.28	Biker
26	137	12.095	0.28	Biker
27	137	12.095	0.28	Biker
28	137	12.095	0.28	Biker
29	137	12.095	0.28	Biker
30	137	12.095	0.28	Biker
31	137	12.095	0.28	Biker
32	137	12.095	0.28	Biker
33	137	12.095	0.28	Biker
34	137	12.095	0.28	Biker
35	137	12.095	0.28	Biker
36	137	12.095	0.28	Biker
37	137	12.095	0.28	Biker
38	137	12.095	0.28	Biker
39	137	12.115	0.3	Biker
40	137	12.115	0.3	Biker
41	137	12.115	0.3	Biker
42	137	12.115	0.3	Biker
43	137	12.115	0.3	Biker
44	137	12.115	0.3	Biker
45	137	12.115	0.3	Biker
46	137	12.115	0.3	Biker
47	137	12.115	0.3	Biker
48	137	12.115	0.3	Biker
49	137	12.115	0.3	Biker
50	137	12.115	0.3	Biker
51	137	12.115	0.3	Biker
52	137	12.115	0.3	Biker
53	137	12.115	0.3	Biker
54	137	12.115	0.3	Biker
55	137	12.115	0.3	Biker
56	137	12.115	0.3	Biker
57	137	12.115	0.3	Biker
58	137	12.115	0.3	Biker
59	137	12.115	0.3	Biker
60	137	12.115	0.3	Biker
61	137	12.115	0.3	Biker
62	137	12.115	0.3	Biker
63	137	12.115	0.3	Biker
64	137	12.115	0.3	Biker
65	137	12.115	0.3	Biker
66	137	12.115	0.3	Biker
67	137	12.115	0.3	Biker
68	137	12.115	0.3	Biker
69	137	12.115	0.3	Biker
70	137	12.115	0.3	Biker
71	137	12.115	0.3	Biker
72	137	12.115	0.3	Biker
73	137	12.115	0.3	Biker
74	137	12.115	0.3	Biker
75	137	12.115	0.3	Biker
76	137	12.115	0.3	Biker
77	137	12.115	0.3	Biker
78	137	11.915	0.235	Biker
79	137	11.635	0.165	Biker
80	137	11.125	0.145	Biker
81	137	10.645	0.12	Biker
82	137	10.225	0.12	Biker
83	137	9.895	0.12	Biker
84	137	9.525	0.12	Biker
85	137	9.195	0.12	Biker
86	137	8.865	0.12	Biker
87	137	8.515	0.12	Biker
88	137	8.185	0.12	Biker
89	137	7.875	0.11	Biker
90	137	7.615	0.11	Biker
91	137	7.415	0.11	Biker
92	137	7.175	0.11	Biker
93	137	6.895	0.11	Biker
94	137	7.105	0.12	Biker
95	137	7.435	0.12	Biker
96	137	7.505	0.12	Biker
97	137	7.505	0.12	Biker
98	137	7.505	0.12	Biker
99	137	7.505	0.12	Biker
100	137	7.505	0.12	Biker
101	137	7.505	0.12	Biker
102	137	7.505	0.12	Biker
103	137	7.505	0.12	Biker
104	137	7.505	0.12	Biker
105	137	7.505	0.12	Biker
106	137	7.505	0.12	Biker
0	138	0.115	1.465	Biker
1	138	0.11	1.455	Biker
2	138	0.11	1.455	Biker
3	138	0.11	1.455	Biker
4	138	0.11	1.455	Biker
5	138	0.11	1.455	Biker
6	138	0.11	1.455	Biker
7	138	0.11	1.455	Biker
8	138	0.11	1.455	Biker
9	138	0.11	1.455	Biker
10	138	0.11	1.455	Biker
11	138	0.11	1.455	Biker
12	138	0.11	1.455	Biker
13	138	0.11	1.455	Biker
14	138	0.11	1.455	Biker
15	138	0.11	1.455	Biker
16	138	0.11	1.455	Biker
17	138	0.11	1.455	Biker
18	138	0.11	1.455	Biker
19	138	0.11	1.455	Biker
20	138	0.11	1.455	Biker
21	138	0.11	1.455	Biker
22	138	0.11	1.455	Biker
23	138	0.11	1.455	Biker
24	138	0.11	1.455	Biker
25	138	0.11	1.455	Biker
26	138	0.11	1.455	Biker
27	138	0.11	1.455	Biker
28	138	0.11	1.455	Biker
29	138	0.11	1.455	Biker
30	138	0.11	1.455	Biker
31	138	0.11	1.455	Biker
32	138	0.11	1.455	Biker
33	138	0.11	1.455	Biker
34	138	0.11	1.455	Biker
35	138	0.11	1.455	Biker
36	138	0.11	1.455	Biker
37	138	0.11	1.455	Biker
38	138	0.11	1.455	Biker
39	138	0.11	1.455	Biker
40	138	0.11	1.455	Biker
41	138	0.11	1.455	Biker
42	138	0.11	1.455	Biker
43	138	0.11	1.455	Biker
44	138	0.11	1.455	Biker
45	138	0.11	1.455	Biker
46	138	0.11	1.455	Biker
47	138	0.11	1.455	Biker
48	138	0.11	1.455	Biker
49	138	0.11	1.455	Biker
50	138	0.11	1.455	Biker
51	138	0.11	1.455	Biker
52	138	0.11	1.455	Biker
53	138	0.11	1.455	Biker
54	138	0.11	1.455	Biker
55	138	0.11	1.455	Biker
56	138	0.11	1.455	Biker
57	138	0.11	1.455	Biker
58	138	0.11	1.455	Biker
59	138	0.11	1.455	Biker
60	138	0.11	1.455	Biker
61	138	0.11	1.455	Biker
62	138	0.11	1.455	Biker
63	138	0.11	1.455	Biker
64	138	0.11	1.455	Biker
65	138	0.11	1.455	Biker
66	138	0.11	1.455	Biker
67	138	0.11	1.455	Biker
68	138	0.11	1.455	Biker
69	138	0.11	1.455	Biker
70	138	0.11	1.455	Biker
71	138	0.11	1.455	Biker
72	138	0.11	1.455	Biker
73	138	0.11	1.455	Biker
74	138	0.11	1.455	Biker
75	138	0.11	1.455	Biker
76	138	0.11	1.455	Biker
77	138	0.11	1.455	Biker
78	138	0.11	1.455	Biker
79	138	0.11	1.455	Biker
80	138	0.11	1.455	Biker
81	138	0.11	1.455	Biker
82	138	0.11	1.455	Biker
83	138	0.11	1.455	Biker
84	138	0.11	1.455	Biker
85	138	0.11	1.455	Biker
86	138	0.11	1.455	Biker
87	138	0.11	1.455	Biker
88	138	0.11	1.455	Biker
89	138	0.11	1.455	Biker
90	138	0.11	1.455	Biker
91	138	0.11	1.455	Biker
92	138	0.11	1.455	Biker
93	138	0.11	1.455	Biker
94	138	0.11	1.455	Biker
95	138	0.11	1.455	Biker
96	138	0.11	1.455	Biker
97	138	0.11	1.455	Biker
98	138	0.11	1.455	Biker
99	138	0.11	1.455	Biker
100	138	0.115	1.435	Biker
101	138	0.27	1.32	Biker
102	138	0.435	1.23	Biker
103	138	0.61	1.13	Biker
104	138	0.765	1.04	Biker
105	138	0.945	0.935	Biker
106	138	1.105	0.845	Biker
107	138	1.28	0.745	Biker
108	138	1.445	0.705	Biker
109	138	1.61	0.68	Biker
110	138	1.775	0.635	Biker
111	138	1.94	0.615	Biker
112	138	2.125	0.59	Biker
113	138	2.29	0.545	Biker
114	138	2.475	0.525	Biker
115	138	2.675	0.5	Biker
116	138	2.88	0.475	Biker
117	138	3.08	0.475	Biker
118	138	3.28	0.455	Biker
119	138	3.485	0.435	Biker
120	138	3.67	0.41	Biker
121	138	3.84	0.41	Biker
122	138	4.015	0.41	Biker
123	138	4.19	0.385	Biker
124	138	4.365	0.385	Biker
125	138	4.54	0.385	Biker
126	138	4.72	0.365	Biker
127	138	4.91	0.365	Biker
128	138	5.09	0.365	Biker
129	138	5.29	0.345	Biker
130	138	5.475	0.345	Biker
131	138	5.68	0.345	Biker
132	138	5.86	0.345	Biker
133	138	6.045	0.32	Biker
134	138	6.25	0.32	Biker
135	138	6.43	0.32	Biker
136	138	6.615	0.295	Biker
137	138	6.82	0.295	Biker
138	138	7.0	0.295	Biker
139	138	7.2	0.275	Biker
140	138	7.385	0.275	Biker
141	138	7.57	0.275	Biker
142	138	7.75	0.275	Biker
143	138	7.94	0.275	Biker
144	138	8.12	0.275	Biker
145	138	8.3	0.275	Biker
146	138	8.505	0.275	Biker
147	138	8.71	0.275	Biker
148	138	8.93	0.275	Biker
149	138	9.13	0.275	Biker
150	138	9.31	0.275	Biker
151	138	9.5	0.275	Biker
152	138	9.66	0.255	Biker
153	138	9.845	0.255	Biker
154	138	10.01	0.235	Biker
155	138	10.195	0.235	Biker
156	138	10.38	0.235	Biker
157	138	10.525	0.22	Biker
158	138	10.65	0.21	Biker
159	138	10.8	0.21	Biker
160	138	10.89	0.21	Biker
161	138	10.95	0.21	Biker
162	138	10.95	0.21	Biker
163	138	10.95	0.21	Biker
164	138	10.95	0.21	Biker
165	138	10.95	0.21	Biker
166	138	10.95	0.21	Biker
167	138	10.95	0.21	Biker
168	138	10.95	0.21	Biker
169	138	10.95	0.21	Biker
170	138	10.95	0.21	Biker
171	138	10.95	0.21	Biker
172	138	10.95	0.21	Biker
173	138	10.95	0.21	Biker
174	138	10.95	0.21	Biker
175	138	10.95	0.21	Biker
176	138	10.95	0.21	Biker
177	138	10.95	0.21	Biker
178	138	10.95	0.21	Biker
179	138	10.95	0.21	Biker
180	138	10.95	0.21	Biker
181	138	10.95	0.21	Biker
182	138	10.95	0.21	Biker
183	138	10.95	0.21	Biker
184	138	10.95	0.21	Biker
185	138	10.95	0.21	Biker
186	138	10.95	0.21	Biker
187	138	10.95	0.21	Biker
188	138	10.95	0.21	Biker
189	138	10.95	0.21	Biker
190	138	10.95	0.21	Biker
191	138	10.95	0.21	Biker
192	138	10.95	0.21	Biker
193	138	10.95	0.21	Biker
194	138	10.95	0.21	Biker
195	138	10.95	0.21	Biker
196	138	10.95	0.21	Biker
197	138	10.95	0.21	Biker
198	138	10.95	0.21	Biker
199	138	10.95	0.21	Biker
200	138	10.95	0.21	Biker
201	138	10.95	0.21	Biker
202	138	10.95	0.21	Biker
203	138	10.95	0.21	Biker
204	138	10.95	0.21	Biker
205	138	10.95	0.21	Biker
206	138	10.95	0.21	Biker
100	139	4.345	4.12	Biker
101	139	3.885	3.78	Biker
102	139	3.445	3.47	Biker
103	139	2.995	3.15	Biker
104	139	2.555	2.84	Biker
105	139	2.1	2.5	Biker
106	139	1.655	2.19	Biker
107	139	1.21	1.87	Biker
108	139	0.765	1.56	Biker
109	139	0.31	1.22	Biker
110	139	0.36	1.13	Biker
111	139	0.545	1.06	Biker
112	139	0.73	1.02	Biker
113	139	0.91	0.95	Biker
114	139	1.08	0.905	Biker
115	139	1.26	0.84	Biker
116	139	1.445	0.79	Biker
117	139	1.63	0.75	Biker
118	139	1.795	0.7	Biker
119	139	1.98	0.68	Biker
120	139	2.16	0.66	Biker
121	139	2.345	0.635	Biker
122	139	2.51	0.61	Biker
123	139	2.695	0.59	Biker
124	139	2.88	0.57	Biker
125	139	3.06	0.545	Biker
126	139	3.245	0.52	Biker
127	139	3.43	0.5	Biker
128	139	3.61	0.5	Biker
129	139	3.795	0.48	Biker
130	139	3.98	0.48	Biker
131	139	4.16	0.455	Biker
132	139	4.35	0.455	Biker
133	139	4.53	0.43	Biker
134	139	4.715	0.43	Biker
135	139	4.9	0.43	Biker
136	139	5.08	0.41	Biker
137	139	5.265	0.41	Biker
138	139	5.475	0.39	Biker
139	139	5.68	0.39	Biker
140	139	5.9	0.39	Biker
141	139	6.12	0.39	Biker
142	139	6.32	0.39	Biker
143	139	6.54	0.39	Biker
144	139	6.725	0.39	Biker
145	139	6.91	0.39	Biker
146	139	7.09	0.39	Biker
147	139	7.295	0.39	Biker
148	139	7.48	0.39	Biker
149	139	7.66	0.39	Biker
150	139	7.845	0.39	Biker
151	139	8.045	0.39	Biker
152	139	8.23	0.39	Biker
153	139	8.415	0.39	Biker
154	139	8.615	0.39	Biker
155	139	8.82	0.35	Biker
156	139	9.02	0.33	Biker
157	139	9.22	0.31	Biker
158	139	9.425	0.29	Biker
159	139	9.625	0.265	Biker
160	139	9.83	0.265	Biker
161	139	10.01	0.265	Biker
162	139	10.195	0.29	Biker
163	139	10.38	0.29	Biker
164	139	10.505	0.31	Biker
165	139	10.635	0.31	Biker
166	139	10.745	0.33	Biker
167	139	10.855	0.33	Biker
168	139	10.965	0.33	Biker
169	139	11.205	0.38	Biker
170	139	11.48	0.42	Biker
171	139	11.735	0.47	Biker
172	139	12.01	0.53	Biker
173	139	12.16	0.62	Biker
174	139	12.325	0.74	Biker
175	139	12.49	0.85	Biker
176	139	12.655	0.96	Biker
177	139	12.82	1.07	Biker
178	139	12.875	1.14	Biker
179	139	12.9	1.23	Biker
180	139	12.94	1.3	Biker
181	139	12.965	1.39	Biker
182	139	12.985	1.43	Biker
183	139	12.995	1.48	Biker
184	139	13.005	1.5	Biker
185	139	13.015	1.55	Biker
186	139	13.025	1.57	Biker
187	139	13.025	1.57	Biker
188	139	13.025	1.57	Biker
189	139	13.025	1.57	Biker
190	139	13.025	1.57	Biker
191	139	13.025	1.57	Biker
192	139	13.025	1.57	Biker
193	139	13.025	1.57	Biker
194	139	13.025	1.57	Biker
195	139	13.025	1.57	Biker
196	139	13.025	1.57	Biker
197	139	13.025	1.57	Biker
198	139	13.025	1.57	Biker
199	139	13.025	1.57	Biker
200	139	13.025	1.57	Biker
201	139	13.025	1.57	Biker
202	139	13.025	1.57	Biker
203	139	13.025	1.57	Biker
204	139	13.025	1.57	Biker
205	139	13.025	1.57	Biker
206	139	13.025	1.57	Biker
100	140	1.04	1.22	Biker
101	140	1.005	1.22	Biker
102	140	0.97	1.22	Biker
103	140	0.93	1.22	Biker
104	140	0.895	1.22	Biker
105	140	0.86	1.22	Biker
106	140	0.83	1.22	Biker
107	140	0.8	1.22	Biker
108	140	0.765	1.22	Biker
109	140	0.73	1.22	Biker
110	140	0.69	1.22	Biker
111	140	0.665	1.22	Biker
112	140	0.63	1.22	Biker
113	140	0.6	1.22	Biker
114	140	0.565	1.22	Biker
115	140	0.53	1.22	Biker
116	140	0.5	1.22	Biker
117	140	0.46	1.22	Biker
118	140	0.43	1.22	Biker
119	140	0.39	1.22	Biker
120	140	0.36	1.22	Biker
121	140	0.335	1.22	Biker
122	140	0.3	1.22	Biker
123	140	0.26	1.22	Biker
124	140	0.225	1.22	Biker
125	140	0.32	1.175	Biker
126	140	0.5	1.11	Biker
127	140	0.68	1.02	Biker
128	140	0.87	0.95	Biker
129	140	1.05	0.86	Biker
130	140	1.29	0.77	Biker
131	140	1.51	0.7	Biker
132	140	1.73	0.61	Biker
133	140	1.95	0.52	Biker
134	140	2.17	0.455	Biker
135	140	2.39	0.39	Biker
136	140	2.61	0.39	Biker
137	140	2.83	0.365	Biker
138	140	3.05	0.34	Biker
139	140	3.27	0.32	Biker
140	140	3.49	0.32	Biker
141	140	3.71	0.3	Biker
142	140	3.93	0.275	Biker
143	140	4.16	0.255	Biker
144	140	4.39	0.245	Biker
145	140	4.62	0.22	Biker
146	140	4.84	0.2	Biker
147	140	5.06	0.2	Biker
148	140	5.28	0.2	Biker
149	140	5.485	0.2	Biker
150	140	5.705	0.2	Biker
151	140	5.925	0.2	Biker
152	140	6.13	0.2	Biker
153	140	6.35	0.2	Biker
154	140	6.57	0.2	Biker
155	140	6.77	0.2	Biker
156	140	6.99	0.19	Biker
157	140	7.23	0.19	Biker
158	140	7.45	0.19	Biker
159	140	7.69	0.19	Biker
160	140	7.93	0.19	Biker
161	140	8.15	0.19	Biker
162	140	8.385	0.175	Biker
163	140	8.61	0.175	Biker
164	140	8.845	0.175	Biker
165	140	9.085	0.175	Biker
166	140	9.305	0.175	Biker
167	140	9.54	0.175	Biker
168	140	9.745	0.165	Biker
169	140	9.95	0.165	Biker
170	140	10.13	0.165	Biker
171	140	10.33	0.155	Biker
172	140	10.535	0.155	Biker
173	140	10.735	0.155	Biker
174	140	10.81	0.155	Biker
175	140	10.88	0.155	Biker
176	140	10.96	0.155	Biker
177	140	10.96	0.155	Biker
178	140	10.96	0.155	Biker
179	140	10.96	0.155	Biker
180	140	10.96	0.155	Biker
181	140	10.96	0.155	Biker
182	140	10.96	0.155	Biker
183	140	10.96	0.155	Biker
184	140	10.96	0.155	Biker
185	140	10.96	0.155	Biker
186	140	10.96	0.155	Biker
187	140	10.96	0.155	Biker
188	140	10.96	0.155	Biker
189	140	10.96	0.155	Biker
190	140	10.96	0.155	Biker
191	140	10.96	0.155	Biker
192	140	10.96	0.155	Biker
193	140	10.96	0.155	Biker
194	140	10.96	0.155	Biker
195	140	10.96	0.155	Biker
196	140	10.96	0.155	Biker
197	140	10.96	0.155	Biker
198	140	10.96	0.155	Biker
199	140	10.96	0.155	Biker
200	140	10.96	0.155	Biker
201	140	10.96	0.155	Biker
202	140	10.96	0.155	Biker
203	140	10.96	0.155	Biker
204	140	10.96	0.155	Biker
205	140	10.96	0.155	Biker
206	140	10.96	0.155	Biker
0	141	0.21	0.96	Biker
1	141	0.2	0.96	Biker
2	141	0.2	0.96	Biker
3	141	0.2	0.96	Biker
4	141	0.2	0.96	Biker
5	141	0.2	0.96	Biker
6	141	0.2	0.96	Biker
7	141	0.19	0.96	Biker
8	141	0.19	0.96	Biker
9	141	0.19	0.96	Biker
10	141	0.19	0.96	Biker
11	141	0.19	0.96	Biker
12	141	0.19	0.96	Biker
13	141	0.19	0.96	Biker
14	141	0.18	0.96	Biker
15	141	0.18	0.96	Biker
16	141	0.18	0.98	Biker
17	141	0.18	0.98	Biker
18	141	0.18	0.98	Biker
19	141	0.18	0.98	Biker
20	141	0.18	0.98	Biker
21	141	0.17	0.98	Biker
22	141	0.17	0.98	Biker
23	141	0.17	0.98	Biker
24	141	0.17	0.98	Biker
25	141	0.17	0.98	Biker
26	141	0.17	0.98	Biker
27	141	0.17	0.98	Biker
28	141	0.165	0.98	Biker
29	141	0.165	0.98	Biker
30	141	0.165	0.98	Biker
31	141	0.165	1.01	Biker
32	141	0.165	1.01	Biker
33	141	0.165	1.01	Biker
34	141	0.165	1.01	Biker
35	141	0.155	1.01	Biker
36	141	0.155	1.01	Biker
37	141	0.155	1.01	Biker
38	141	0.155	1.01	Biker
39	141	0.155	1.01	Biker
40	141	0.155	1.01	Biker
41	141	0.155	1.01	Biker
42	141	0.145	1.01	Biker
43	141	0.145	1.01	Biker
44	141	0.145	1.01	Biker
45	141	0.145	1.01	Biker
46	141	0.145	1.03	Biker
47	141	0.145	1.03	Biker
48	141	0.135	1.03	Biker
49	141	0.135	1.03	Biker
50	141	0.135	1.03	Biker
51	141	0.135	1.03	Biker
52	141	0.135	1.03	Biker
53	141	0.135	1.03	Biker
54	141	0.135	1.03	Biker
55	141	0.125	1.03	Biker
56	141	0.125	1.03	Biker
57	141	0.125	1.03	Biker
58	141	0.125	1.03	Biker
59	141	0.125	1.03	Biker
60	141	0.125	1.03	Biker
61	141	0.125	1.05	Biker
62	141	0.115	1.05	Biker
63	141	0.115	1.05	Biker
64	141	0.115	1.05	Biker
65	141	0.115	1.05	Biker
66	141	0.115	1.05	Biker
67	141	0.115	1.05	Biker
68	141	0.115	1.05	Biker
69	141	0.11	1.05	Biker
70	141	0.11	1.05	Biker
71	141	0.11	1.05	Biker
72	141	0.11	1.05	Biker
73	141	0.11	1.05	Biker
74	141	0.11	1.05	Biker
75	141	0.11	1.05	Biker
76	141	0.21	0.96	Biker
77	141	0.41	0.88	Biker
78	141	0.615	0.815	Biker
79	141	0.83	0.75	Biker
80	141	1.04	0.68	Biker
81	141	1.28	0.635	Biker
82	141	1.52	0.61	Biker
83	141	1.78	0.59	Biker
84	141	2.015	0.545	Biker
85	141	2.25	0.52	Biker
86	141	2.51	0.5	Biker
87	141	2.77	0.48	Biker
88	141	3.04	0.48	Biker
89	141	3.32	0.48	Biker
90	141	3.575	0.48	Biker
91	141	3.85	0.48	Biker
92	141	4.13	0.48	Biker
93	141	4.365	0.455	Biker
94	141	4.6	0.43	Biker
95	141	4.86	0.41	Biker
96	141	5.1	0.39	Biker
97	141	5.34	0.365	Biker
98	141	5.595	0.365	Biker
99	141	5.87	0.365	Biker
100	141	6.15	0.365	Biker
101	141	6.42	0.34	Biker
102	141	6.705	0.34	Biker
103	141	6.98	0.33	Biker
104	141	7.265	0.33	Biker
105	141	7.54	0.32	Biker
106	141	7.825	0.32	Biker
107	141	8.11	0.305	Biker
108	141	8.385	0.305	Biker
109	141	8.675	0.305	Biker
110	141	8.945	0.305	Biker
111	141	9.225	0.335	Biker
112	141	9.495	0.355	Biker
113	141	9.775	0.355	Biker
114	141	10.045	0.375	Biker
115	141	10.235	0.375	Biker
116	141	10.415	0.375	Biker
117	141	10.615	0.375	Biker
118	141	10.805	0.375	Biker
119	141	10.985	0.375	Biker
120	141	11.135	0.395	Biker
121	141	11.255	0.445	Biker
122	141	11.405	0.465	Biker
123	141	11.555	0.485	Biker
124	141	11.7	0.535	Biker
125	141	11.845	0.555	Biker
126	141	11.995	0.575	Biker
127	141	12.145	0.625	Biker
128	141	12.315	0.745	Biker
129	141	12.495	0.885	Biker
130	141	12.655	0.975	Biker
131	141	12.765	1.015	Biker
132	141	12.875	1.065	Biker
133	141	12.94	1.115	Biker
134	141	12.93	1.165	Biker
135	141	12.93	1.235	Biker
136	141	12.92	1.275	Biker
137	141	12.94	1.325	Biker
138	141	12.96	1.345	Biker
139	141	12.98	1.365	Biker
140	141	12.995	1.415	Biker
141	141	12.995	1.415	Biker
142	141	12.995	1.415	Biker
143	141	12.995	1.415	Biker
144	141	12.995	1.415	Biker
145	141	12.995	1.415	Biker
146	141	12.995	1.415	Biker
147	141	12.995	1.415	Biker
148	141	12.995	1.415	Biker
149	141	12.995	1.415	Biker
150	141	12.995	1.415	Biker
151	141	12.995	1.415	Biker
152	141	12.995	1.415	Biker
153	141	12.995	1.415	Biker
154	141	12.995	1.415	Biker
155	141	12.995	1.415	Biker
156	141	12.995	1.415	Biker
157	141	12.995	1.415	Biker
158	141	12.995	1.415	Biker
159	141	12.995	1.415	Biker
160	141	12.995	1.415	Biker
161	141	12.995	1.415	Biker
162	141	12.995	1.415	Biker
163	141	12.995	1.415	Biker
164	141	12.995	1.415	Biker
165	141	12.995	1.415	Biker
166	141	12.995	1.415	Biker
167	141	12.995	1.415	Biker
168	141	12.995	1.415	Biker
169	141	12.995	1.415	Biker
170	141	12.995	1.415	Biker
171	141	12.995	1.415	Biker
172	141	12.995	1.415	Biker
173	141	12.995	1.415	Biker
174	141	12.995	1.415	Biker
175	141	12.995	1.415	Biker
176	141	12.995	1.415	Biker
177	141	12.995	1.415	Biker
178	141	12.995	1.415	Biker
179	141	12.995	1.415	Biker
180	141	12.995	1.415	Biker
181	141	12.995	1.415	Biker
182	141	12.995	1.415	Biker
183	141	12.995	1.415	Biker
184	141	12.995	1.415	Biker
185	141	12.995	1.415	Biker
186	141	12.995	1.415	Biker
187	141	12.995	1.415	Biker
188	141	12.995	1.415	Biker
189	141	12.995	1.415	Biker
190	141	12.995	1.415	Biker
191	141	12.995	1.415	Biker
192	141	12.995	1.415	Biker
193	141	12.995	1.415	Biker
194	141	12.995	1.415	Biker
195	141	12.995	1.415	Biker
196	141	12.995	1.415	Biker
197	141	12.995	1.415	Biker
198	141	12.995	1.415	Biker
199	141	12.995	1.415	Biker
200	141	12.995	1.415	Biker
201	141	12.995	1.415	Biker
202	141	12.995	1.415	Biker
203	141	12.995	1.415	Biker
204	141	12.995	1.415	Biker
205	141	12.995	1.415	Biker
206	141	12.995	1.415	Biker
100	142	2.895	3.67	Biker
101	142	2.785	3.38	Biker
102	142	2.695	3.1	Biker
103	142	2.6	2.815	Biker
104	142	2.51	2.545	Biker
105	142	2.42	2.265	Biker
106	142	2.33	1.975	Biker
107	142	2.22	1.695	Biker
108	142	2.125	1.425	Biker
109	142	2.03	1.145	Biker
110	142	1.94	0.86	Biker
111	142	1.85	0.58	Biker
112	142	1.76	0.295	Biker
113	142	1.555	0.2	Biker
114	142	1.28	0.22	Biker
115	142	1.02	0.24	Biker
116	142	0.83	0.33	Biker
117	142	0.63	0.42	Biker
118	142	0.42	0.49	Biker
119	142	0.225	0.58	Biker
120	142	0.145	0.735	Biker
121	142	0.135	0.78	Biker
122	142	0.135	0.78	Biker
123	142	0.135	0.78	Biker
124	142	0.135	0.78	Biker
125	142	0.135	0.78	Biker
126	142	0.135	0.78	Biker
127	142	0.135	0.78	Biker
128	142	0.135	0.78	Biker
129	142	0.135	0.78	Biker
130	142	0.135	0.78	Biker
131	142	0.135	0.78	Biker
132	142	0.135	0.78	Biker
133	142	0.135	0.78	Biker
134	142	0.135	0.78	Biker
135	142	0.135	0.78	Biker
136	142	0.135	0.78	Biker
137	142	0.135	0.78	Biker
138	142	0.135	0.78	Biker
139	142	0.135	0.78	Biker
140	142	0.135	0.78	Biker
141	142	0.135	0.78	Biker
142	142	0.135	0.78	Biker
143	142	0.135	0.78	Biker
144	142	0.135	0.78	Biker
145	142	0.135	0.78	Biker
146	142	0.135	0.78	Biker
147	142	0.135	0.78	Biker
148	142	0.135	0.78	Biker
149	142	0.135	0.78	Biker
150	142	0.135	0.78	Biker
151	142	0.135	0.78	Biker
152	142	0.135	0.78	Biker
153	142	0.135	0.78	Biker
154	142	0.135	0.78	Biker
155	142	0.135	0.78	Biker
156	142	0.135	0.78	Biker
157	142	0.135	0.78	Biker
158	142	0.135	0.78	Biker
159	142	0.135	0.78	Biker
160	142	0.135	0.78	Biker
161	142	0.135	0.78	Biker
162	142	0.135	0.78	Biker
163	142	0.135	0.78	Biker
164	142	0.135	0.78	Biker
165	142	0.135	0.78	Biker
166	142	0.135	0.78	Biker
167	142	0.135	0.78	Biker
168	142	0.135	0.78	Biker
169	142	0.135	0.78	Biker
170	142	0.135	0.78	Biker
171	142	0.135	0.78	Biker
172	142	0.135	0.78	Biker
173	142	0.135	0.78	Biker
174	142	0.135	0.78	Biker
175	142	0.135	0.78	Biker
176	142	0.135	0.78	Biker
177	142	0.135	0.78	Biker
178	142	0.135	0.78	Biker
179	142	0.135	0.78	Biker
180	142	0.135	0.78	Biker
181	142	0.135	0.78	Biker
182	142	0.135	0.78	Biker
183	142	0.135	0.78	Biker
184	142	0.135	0.78	Biker
185	142	0.135	0.78	Biker
186	142	0.135	0.78	Biker
187	142	0.135	0.78	Biker
188	142	0.135	0.78	Biker
189	142	0.135	0.78	Biker
190	142	0.135	0.78	Biker
191	142	0.135	0.78	Biker
192	142	0.135	0.78	Biker
193	142	0.135	0.78	Biker
194	142	0.135	0.78	Biker
195	142	0.135	0.78	Biker
196	142	0.135	0.78	Biker
197	142	0.135	0.78	Biker
198	142	0.135	0.78	Biker
199	142	0.135	0.78	Biker
200	142	0.135	0.78	Biker
201	142	0.135	0.78	Biker
202	142	0.135	0.78	Biker
203	142	0.135	0.78	Biker
204	142	0.135	0.78	Biker
205	142	0.135	0.78	Biker
206	142	0.135	0.78	Biker
0	143	1.445	0.12	Pedestrian
1	143	1.445	0.12	Pedestrian
2	143	1.445	0.12	Pedestrian
3	143	1.445	0.12	Pedestrian
4	143	1.445	0.12	Pedestrian
5	143	1.445	0.12	Pedestrian
6	143	1.445	0.12	Pedestrian
7	143	1.445	0.12	Pedestrian
8	143	1.445	0.12	Pedestrian
9	143	1.445	0.12	Pedestrian
10	143	1.445	0.12	Pedestrian
11	143	1.445	0.12	Pedestrian
12	143	1.445	0.12	Pedestrian
13	143	1.445	0.12	Pedestrian
14	143	1.445	0.12	Pedestrian
15	143	1.445	0.12	Pedestrian
16	143	1.445	0.12	Pedestrian
17	143	1.445	0.12	Pedestrian
18	143	1.445	0.12	Pedestrian
19	143	1.445	0.12	Pedestrian
20	143	1.445	0.12	Pedestrian
21	143	1.445	0.12	Pedestrian
22	143	1.445	0.12	Pedestrian
23	143	1.445	0.12	Pedestrian
24	143	1.445	0.12	Pedestrian
25	143	1.445	0.12	Pedestrian
26	143	1.445	0.12	Pedestrian
27	143	1.445	0.12	Pedestrian
28	143	1.445	0.12	Pedestrian
29	143	1.445	0.12	Pedestrian
30	143	1.445	0.12	Pedestrian
31	143	1.445	0.12	Pedestrian
32	143	1.445	0.12	Pedestrian
33	143	1.445	0.12	Pedestrian
34	143	1.445	0.12	Pedestrian
35	143	1.445	0.12	Pedestrian
36	143	1.445	0.12	Pedestrian
37	143	1.445	0.12	Pedestrian
38	143	1.445	0.12	Pedestrian
39	143	1.445	0.12	Pedestrian
40	143	1.445	0.12	Pedestrian
41	143	1.445	0.12	Pedestrian
42	143	1.445	0.12	Pedestrian
43	143	1.445	0.12	Pedestrian
44	143	1.445	0.12	Pedestrian
45	143	1.445	0.12	Pedestrian
46	143	1.445	0.12	Pedestrian
47	143	1.445	0.12	Pedestrian
48	143	1.445	0.12	Pedestrian
49	143	1.445	0.12	Pedestrian
50	143	1.445	0.12	Pedestrian
51	143	1.445	0.12	Pedestrian
52	143	1.445	0.12	Pedestrian
53	143	1.445	0.12	Pedestrian
54	143	1.445	0.12	Pedestrian
55	143	1.445	0.12	Pedestrian
56	143	1.445	0.12	Pedestrian
57	143	1.405	0.165	Pedestrian
58	143	1.395	0.205	Pedestrian
59	143	1.375	0.255	Pedestrian
60	143	1.355	0.295	Pedestrian
61	143	1.335	0.345	Pedestrian
62	143	1.315	0.385	Pedestrian
63	143	1.295	0.435	Pedestrian
64	143	1.285	0.475	Pedestrian
65	143	1.265	0.525	Pedestrian
66	143	1.245	0.565	Pedestrian
67	143	1.225	0.615	Pedestrian
68	143	1.205	0.655	Pedestrian
69	143	1.185	0.705	Pedestrian
70	143	1.17	0.745	Pedestrian
71	143	1.135	0.795	Pedestrian
72	143	1.115	0.86	Pedestrian
73	143	1.075	0.925	Pedestrian
74	143	1.06	0.995	Pedestrian
75	143	1.045	1.065	Pedestrian
76	143	1.005	1.13	Pedestrian
77	143	0.985	1.195	Pedestrian
78	143	0.965	1.265	Pedestrian
79	143	0.95	1.31	Pedestrian
80	143	0.95	1.355	Pedestrian
81	143	0.915	1.4	Pedestrian
82	143	0.895	1.465	Pedestrian
83	143	0.875	1.515	Pedestrian
84	143	0.855	1.58	Pedestrian
85	143	0.835	1.645	Pedestrian
86	143	0.825	1.695	Pedestrian
87	143	0.805	1.76	Pedestrian
88	143	0.785	1.825	Pedestrian
89	143	0.765	1.875	Pedestrian
90	143	0.745	1.94	Pedestrian
91	143	0.745	1.985	Pedestrian
92	143	0.725	2.055	Pedestrian
93	143	0.715	2.12	Pedestrian
94	143	0.715	2.165	Pedestrian
95	143	0.695	2.235	Pedestrian
96	143	0.695	2.3	Pedestrian
97	143	0.695	2.345	Pedestrian
98	143	0.695	2.415	Pedestrian
99	143	0.695	2.48	Pedestrian
100	143	0.695	2.545	Pedestrian
101	143	0.675	2.59	Pedestrian
102	143	0.665	2.645	Pedestrian
103	143	0.645	2.715	Pedestrian
104	143	0.635	2.775	Pedestrian
105	143	0.625	2.825	Pedestrian
106	143	0.62	2.895	Pedestrian
107	143	0.61	2.95	Pedestrian
108	143	0.59	3.02	Pedestrian
109	143	0.59	3.07	Pedestrian
110	143	0.575	3.13	Pedestrian
111	143	0.565	3.2	Pedestrian
112	143	0.555	3.255	Pedestrian
113	143	0.545	3.31	Pedestrian
114	143	0.54	3.375	Pedestrian
115	143	0.52	3.435	Pedestrian
116	143	0.51	3.505	Pedestrian
117	143	0.51	3.555	Pedestrian
118	143	0.51	3.605	Pedestrian
119	143	0.49	3.67	Pedestrian
120	143	0.49	3.735	Pedestrian
121	143	0.47	3.805	Pedestrian
122	143	0.47	3.85	Pedestrian
123	143	0.45	3.915	Pedestrian
124	143	0.45	3.985	Pedestrian
125	143	0.44	4.055	Pedestrian
126	143	0.44	4.12	Pedestrian
127	143	0.42	4.185	Pedestrian
128	143	0.42	4.255	Pedestrian
129	143	0.4	4.3	Pedestrian
130	143	0.4	4.345	Pedestrian
131	143	0.38	4.415	Pedestrian
132	143	0.38	4.455	Pedestrian
133	143	0.38	4.505	Pedestrian
134	143	0.36	4.545	Pedestrian
135	143	0.36	4.595	Pedestrian
136	143	0.34	4.635	Pedestrian
137	143	0.34	4.705	Pedestrian
138	143	0.33	4.75	Pedestrian
139	143	0.33	4.795	Pedestrian
140	143	0.33	4.84	Pedestrian
141	143	0.29	4.955	Pedestrian
142	143	0.25	5.085	Pedestrian
143	143	0.23	5.135	Pedestrian
144	143	0.23	5.175	Pedestrian
145	143	0.225	5.245	Pedestrian
146	143	0.225	5.285	Pedestrian
147	143	0.225	5.345	Pedestrian
148	143	0.215	5.405	Pedestrian
149	143	0.215	5.455	Pedestrian
150	143	0.215	5.515	Pedestrian
151	143	0.205	5.57	Pedestrian
152	143	0.2	5.615	Pedestrian
153	143	0.19	5.67	Pedestrian
154	143	0.19	5.725	Pedestrian
155	143	0.19	5.785	Pedestrian
156	143	0.18	5.84	Pedestrian
157	143	0.18	5.885	Pedestrian
158	143	0.18	5.95	Pedestrian
159	143	0.17	5.995	Pedestrian
160	143	0.17	6.065	Pedestrian
161	143	0.17	6.11	Pedestrian
162	143	0.17	6.13	Pedestrian
163	143	0.17	6.155	Pedestrian
164	143	0.17	6.175	Pedestrian
165	143	0.17	6.2	Pedestrian
166	143	0.17	6.22	Pedestrian
167	143	0.17	6.245	Pedestrian
168	143	0.17	6.245	Pedestrian
169	143	0.17	6.245	Pedestrian
170	143	0.17	6.245	Pedestrian
171	143	0.17	6.245	Pedestrian
172	143	0.17	6.245	Pedestrian
173	143	0.17	6.245	Pedestrian
174	143	0.17	6.245	Pedestrian
175	143	0.17	6.245	Pedestrian
176	143	0.17	6.245	Pedestrian
177	143	0.17	6.245	Pedestrian
178	143	0.17	6.245	Pedestrian
179	143	0.17	6.245	Pedestrian
180	143	0.17	6.245	Pedestrian
181	143	0.17	6.245	Pedestrian
182	143	0.17	6.245	Pedestrian
183	143	0.17	6.245	Pedestrian
184	143	0.17	6.245	Pedestrian
185	143	0.17	6.245	Pedestrian
186	143	0.17	6.245	Pedestrian
187	143	0.17	6.245	Pedestrian
188	143	0.17	6.245	Pedestrian
189	143	0.17	6.245	Pedestrian
190	143	0.17	6.245	Pedestrian
191	143	0.17	6.245	Pedestrian
192	143	0.17	6.245	Pedestrian
193	143	0.17	6.245	Pedestrian
194	143	0.17	6.245	Pedestrian
195	143	0.17	6.245	Pedestrian
196	143	0.17	6.245	Pedestrian
197	143	0.17	6.245	Pedestrian
198	143	0.17	6.245	Pedestrian
199	143	0.17	6.245	Pedestrian
200	143	0.17	6.245	Pedestrian
201	143	0.17	6.245	Pedestrian
202	143	0.17	6.245	Pedestrian
203	143	0.17	6.245	Pedestrian
204	143	0.17	6.245	Pedestrian
205	143	0.17	6.245	Pedestrian
206	143	0.17	6.245	Pedestrian
0	144	12.01	9.29	Pedestrian
1	144	12.01	9.29	Pedestrian
2	144	12.01	9.29	Pedestrian
3	144	12.01	9.29	Pedestrian
4	144	12.01	9.29	Pedestrian
5	144	12.01	9.29	Pedestrian
6	144	12.01	9.29	Pedestrian
7	144	12.01	9.29	Pedestrian
8	144	12.01	9.29	Pedestrian
9	144	12.01	9.29	Pedestrian
10	144	12.01	9.29	Pedestrian
11	144	12.01	9.29	Pedestrian
12	144	12.01	9.29	Pedestrian
13	144	12.01	9.29	Pedestrian
14	144	12.01	9.29	Pedestrian
15	144	12.01	9.29	Pedestrian
16	144	12.01	9.29	Pedestrian
17	144	12.01	9.29	Pedestrian
18	144	12.01	9.29	Pedestrian
19	144	12.01	9.29	Pedestrian
20	144	12.01	9.29	Pedestrian
21	144	12.01	9.29	Pedestrian
22	144	12.01	9.29	Pedestrian
23	144	12.01	9.29	Pedestrian
24	144	12.01	9.29	Pedestrian
25	144	12.01	9.29	Pedestrian
26	144	12.01	9.29	Pedestrian
27	144	12.01	9.29	Pedestrian
28	144	12.01	9.29	Pedestrian
29	144	12.01	9.29	Pedestrian
30	144	12.01	9.29	Pedestrian
31	144	12.01	9.29	Pedestrian
32	144	12.01	9.29	Pedestrian
33	144	12.01	9.29	Pedestrian
34	144	12.01	9.29	Pedestrian
35	144	12.01	9.29	Pedestrian
36	144	12.01	9.29	Pedestrian
37	144	12.01	9.29	Pedestrian
38	144	12.01	9.29	Pedestrian
39	144	12.01	9.29	Pedestrian
40	144	12.01	9.29	Pedestrian
41	144	12.01	9.29	Pedestrian
42	144	12.01	9.29	Pedestrian
43	144	12.01	9.29	Pedestrian
44	144	12.01	9.29	Pedestrian
45	144	12.01	9.29	Pedestrian
46	144	12.01	9.29	Pedestrian
47	144	12.01	9.29	Pedestrian
48	144	12.01	9.29	Pedestrian
49	144	12.01	9.29	Pedestrian
50	144	12.01	9.29	Pedestrian
51	144	12.01	9.29	Pedestrian
52	144	12.01	9.29	Pedestrian
53	144	12.01	9.29	Pedestrian
54	144	12.01	9.29	Pedestrian
55	144	12.01	9.29	Pedestrian
56	144	12.01	9.29	Pedestrian
57	144	12.01	9.29	Pedestrian
58	144	12.01	9.29	Pedestrian
59	144	12.01	9.29	Pedestrian
60	144	12.01	9.29	Pedestrian
61	144	12.01	9.29	Pedestrian
62	144	12.01	9.29	Pedestrian
63	144	12.01	9.29	Pedestrian
64	144	12.01	9.29	Pedestrian
65	144	12.01	9.29	Pedestrian
66	144	12.01	9.29	Pedestrian
67	144	12.01	9.29	Pedestrian
68	144	12.01	9.29	Pedestrian
69	144	12.01	9.29	Pedestrian
70	144	12.01	9.29	Pedestrian
71	144	12.01	9.29	Pedestrian
72	144	12.01	9.29	Pedestrian
73	144	12.01	9.29	Pedestrian
74	144	12.01	9.29	Pedestrian
75	144	12.01	9.29	Pedestrian
76	144	12.01	9.29	Pedestrian
77	144	12.01	9.29	Pedestrian
78	144	12.01	9.29	Pedestrian
79	144	12.05	9.29	Pedestrian
80	144	12.12	9.29	Pedestrian
81	144	12.2	9.265	Pedestrian
82	144	12.27	9.265	Pedestrian
83	144	12.31	9.2	Pedestrian
84	144	12.34	9.135	Pedestrian
85	144	12.36	9.065	Pedestrian
86	144	12.4	8.995	Pedestrian
87	144	12.45	8.975	Pedestrian
88	144	12.49	8.93	Pedestrian
89	144	12.545	8.905	Pedestrian
90	144	12.6	8.885	Pedestrian
91	144	12.64	8.865	Pedestrian
92	144	12.67	8.815	Pedestrian
93	144	12.71	8.795	Pedestrian
94	144	12.75	8.775	Pedestrian
95	144	12.82	8.705	Pedestrian
96	144	12.885	8.615	Pedestrian
97	144	12.925	8.595	Pedestrian
98	144	12.94	8.595	Pedestrian
99	144	12.95	8.545	Pedestrian
100	144	12.95	8.505	Pedestrian
101	144	12.94	8.445	Pedestrian
102	144	12.94	8.41	Pedestrian
103	144	12.94	8.38	Pedestrian
104	144	12.94	8.345	Pedestrian
105	144	12.94	8.3	Pedestrian
106	144	12.94	8.265	Pedestrian
107	144	12.94	8.235	Pedestrian
108	144	12.94	8.185	Pedestrian
109	144	12.95	8.145	Pedestrian
110	144	12.96	8.145	Pedestrian
111	144	12.96	8.145	Pedestrian
112	144	12.96	8.145	Pedestrian
113	144	12.96	8.145	Pedestrian
114	144	12.96	8.145	Pedestrian
115	144	12.96	8.145	Pedestrian
116	144	12.96	8.145	Pedestrian
117	144	12.96	8.145	Pedestrian
118	144	12.96	8.145	Pedestrian
119	144	12.96	8.145	Pedestrian
120	144	12.96	8.145	Pedestrian
121	144	12.96	8.145	Pedestrian
122	144	12.96	8.145	Pedestrian
123	144	12.96	8.145	Pedestrian
124	144	12.96	8.145	Pedestrian
125	144	12.96	8.145	Pedestrian
126	144	12.96	8.145	Pedestrian
127	144	12.96	8.145	Pedestrian
128	144	12.96	8.145	Pedestrian
129	144	12.96	8.145	Pedestrian
130	144	12.96	8.145	Pedestrian
131	144	12.96	8.145	Pedestrian
132	144	12.96	8.145	Pedestrian
133	144	12.96	8.145	Pedestrian
134	144	12.96	8.145	Pedestrian
135	144	12.96	8.145	Pedestrian
136	144	12.96	8.145	Pedestrian
137	144	12.96	8.145	Pedestrian
138	144	12.96	8.145	Pedestrian
139	144	12.96	8.145	Pedestrian
140	144	12.96	8.145	Pedestrian
141	144	12.96	8.145	Pedestrian
142	144	12.96	8.145	Pedestrian
143	144	12.96	8.145	Pedestrian
144	144	12.96	8.145	Pedestrian
145	144	12.96	8.145	Pedestrian
146	144	12.96	8.145	Pedestrian
147	144	12.96	8.145	Pedestrian
148	144	12.96	8.145	Pedestrian
149	144	12.96	8.145	Pedestrian
150	144	12.96	8.145	Pedestrian
151	144	12.96	8.145	Pedestrian
152	144	12.96	8.145	Pedestrian
153	144	12.96	8.145	Pedestrian
154	144	12.96	8.145	Pedestrian
155	144	12.96	8.145	Pedestrian
156	144	12.96	8.145	Pedestrian
157	144	12.96	8.145	Pedestrian
158	144	12.96	8.145	Pedestrian
159	144	12.96	8.145	Pedestrian
160	144	12.96	8.145	Pedestrian
161	144	12.96	8.145	Pedestrian
162	144	12.96	8.145	Pedestrian
163	144	12.96	8.145	Pedestrian
164	144	12.96	8.145	Pedestrian
165	144	12.96	8.145	Pedestrian
166	144	12.96	8.145	Pedestrian
167	144	12.96	8.145	Pedestrian
168	144	12.96	8.145	Pedestrian
169	144	12.96	8.145	Pedestrian
170	144	12.96	8.145	Pedestrian
171	144	12.96	8.145	Pedestrian
172	144	12.96	8.145	Pedestrian
173	144	12.96	8.145	Pedestrian
174	144	12.96	8.145	Pedestrian
175	144	12.96	8.145	Pedestrian
176	144	12.96	8.145	Pedestrian
177	144	12.96	8.145	Pedestrian
178	144	12.96	8.145	Pedestrian
179	144	12.96	8.145	Pedestrian
180	144	12.96	8.145	Pedestrian
181	144	12.96	8.145	Pedestrian
182	144	12.96	8.145	Pedestrian
183	144	12.96	8.145	Pedestrian
184	144	12.96	8.145	Pedestrian
185	144	12.96	8.145	Pedestrian
186	144	12.96	8.145	Pedestrian
187	144	12.96	8.145	Pedestrian
188	144	12.96	8.145	Pedestrian
189	144	12.96	8.145	Pedestrian
190	144	12.96	8.145	Pedestrian
191	144	12.96	8.145	Pedestrian
192	144	12.96	8.145	Pedestrian
193	144	12.96	8.145	Pedestrian
194	144	12.96	8.145	Pedestrian
195	144	12.96	8.145	Pedestrian
196	144	12.96	8.145	Pedestrian
197	144	12.96	8.145	Pedestrian
198	144	12.96	8.145	Pedestrian
199	144	12.96	8.145	Pedestrian
200	144	12.96	8.145	Pedestrian
201	144	12.96	8.145	Pedestrian
202	144	12.96	8.145	Pedestrian
203	144	12.96	8.145	Pedestrian
204	144	12.96	8.145	Pedestrian
205	144	12.96	8.145	Pedestrian
206	144	12.96	8.145	Pedestrian
100	145	9.28	6.09	Pedestrian
101	145	9.31	6.22	Pedestrian
102	145	9.35	6.38	Pedestrian
103	145	9.39	6.54	Pedestrian
104	145	9.42	6.68	Pedestrian
105	145	9.46	6.83	Pedestrian
106	145	9.515	6.99	Pedestrian
107	145	9.55	7.13	Pedestrian
108	145	9.59	7.29	Pedestrian
109	145	9.625	7.44	Pedestrian
110	145	9.66	7.58	Pedestrian
111	145	9.7	7.74	Pedestrian
112	145	9.75	7.895	Pedestrian
113	145	9.79	8.03	Pedestrian
114	145	9.83	8.19	Pedestrian
115	145	9.86	8.345	Pedestrian
116	145	9.9	8.49	Pedestrian
117	145	9.96	8.65	Pedestrian
118	145	9.99	8.795	Pedestrian
119	145	10.03	8.94	Pedestrian
120	145	10.07	9.1	Pedestrian
121	145	10.1	9.255	Pedestrian
122	145	10.14	9.39	Pedestrian
123	145	10.195	9.55	Pedestrian
124	145	10.23	9.705	Pedestrian
125	145	10.27	9.855	Pedestrian
126	145	10.305	10.0	Pedestrian
127	145	10.34	10.155	Pedestrian
128	145	10.38	10.305	Pedestrian
129	145	10.43	10.46	Pedestrian
130	145	10.47	10.505	Pedestrian
131	145	10.525	10.46	Pedestrian
132	145	10.58	10.415	Pedestrian
133	145	10.62	10.395	Pedestrian
134	145	10.67	10.345	Pedestrian
135	145	10.73	10.305	Pedestrian
136	145	10.76	10.28	Pedestrian
137	145	10.82	10.235	Pedestrian
138	145	10.87	10.19	Pedestrian
139	145	10.91	10.165	Pedestrian
140	145	10.97	10.125	Pedestrian
141	145	11.02	10.075	Pedestrian
142	145	11.08	10.055	Pedestrian
143	145	11.11	10.01	Pedestrian
144	145	11.17	9.965	Pedestrian
145	145	11.22	9.945	Pedestrian
146	145	11.26	9.895	Pedestrian
147	145	11.315	9.875	Pedestrian
148	145	11.37	9.83	Pedestrian
149	145	11.41	9.785	Pedestrian
150	145	11.46	9.765	Pedestrian
151	145	11.52	9.715	Pedestrian
152	145	11.57	9.675	Pedestrian
153	145	11.61	9.65	Pedestrian
154	145	11.66	9.605	Pedestrian
155	145	11.72	9.56	Pedestrian
156	145	11.755	9.535	Pedestrian
157	145	11.81	9.495	Pedestrian
158	145	11.865	9.445	Pedestrian
159	145	11.9	9.425	Pedestrian
160	145	11.96	9.38	Pedestrian
161	145	12.01	9.335	Pedestrian
162	145	12.05	9.315	Pedestrian
163	145	12.09	9.29	Pedestrian
164	145	12.12	9.265	Pedestrian
165	145	12.16	9.225	Pedestrian
166	145	12.21	9.175	Pedestrian
167	145	12.25	9.135	Pedestrian
168	145	12.29	9.085	Pedestrian
169	145	12.32	9.02	Pedestrian
170	145	12.38	8.975	Pedestrian
171	145	12.42	8.93	Pedestrian
172	145	12.45	8.885	Pedestrian
173	145	12.51	8.84	Pedestrian
174	145	12.545	8.795	Pedestrian
175	145	12.58	8.75	Pedestrian
176	145	12.64	8.725	Pedestrian
177	145	12.69	8.705	Pedestrian
178	145	12.75	8.685	Pedestrian
179	145	12.78	8.66	Pedestrian
180	145	12.84	8.635	Pedestrian
181	145	12.89	8.635	Pedestrian
182	145	12.95	8.615	Pedestrian
183	145	12.98	8.57	Pedestrian
184	145	12.985	8.545	Pedestrian
185	145	12.995	8.525	Pedestrian
186	145	13.005	8.455	Pedestrian
187	145	13.005	8.415	Pedestrian
188	145	13.005	8.345	Pedestrian
189	145	13.015	8.305	Pedestrian
190	145	13.015	8.235	Pedestrian
191	145	13.015	8.185	Pedestrian
192	145	13.015	8.125	Pedestrian
193	145	13.035	8.125	Pedestrian
194	145	13.04	8.125	Pedestrian
195	145	13.05	8.125	Pedestrian
196	145	13.06	8.125	Pedestrian
197	145	13.06	8.125	Pedestrian
198	145	13.06	8.125	Pedestrian
199	145	13.06	8.125	Pedestrian
200	145	13.06	8.125	Pedestrian
201	145	13.06	8.125	Pedestrian
202	145	13.06	8.125	Pedestrian
203	145	13.06	8.125	Pedestrian
204	145	13.06	8.125	Pedestrian
205	145	13.06	8.125	Pedestrian
206	145	13.06	8.125	Pedestrian
100	146	4.31	0.86	Biker
101	146	4.255	0.84	Biker
102	146	4.22	0.84	Biker
103	146	4.18	0.815	Biker
104	146	4.125	0.815	Biker
105	146	4.09	0.8	Biker
106	146	4.055	0.79	Biker
107	146	3.995	0.78	Biker
108	146	3.96	0.78	Biker
109	146	3.925	0.77	Biker
110	146	3.87	0.76	Biker
111	146	3.835	0.76	Biker
112	146	3.795	0.74	Biker
113	146	3.74	0.74	Biker
114	146	3.705	0.71	Biker
115	146	3.665	0.71	Biker
116	146	3.615	0.71	Biker
117	146	3.575	0.69	Biker
118	146	3.54	0.69	Biker
119	146	3.485	0.68	Biker
120	146	3.445	0.67	Biker
121	146	3.41	0.66	Biker
122	146	3.355	0.66	Biker
123	146	3.32	0.65	Biker
124	146	3.28	0.635	Biker
125	146	3.225	0.62	Biker
126	146	3.19	0.61	Biker
127	146	3.155	0.61	Biker
128	146	3.1	0.59	Biker
129	146	3.06	0.59	Biker
130	146	3.025	0.59	Biker
131	146	2.97	0.57	Biker
132	146	2.935	0.57	Biker
133	146	2.895	0.555	Biker
134	146	2.84	0.545	Biker
135	146	2.805	0.535	Biker
136	146	2.765	0.535	Biker
137	146	2.715	0.52	Biker
138	146	2.675	0.51	Biker
139	146	2.64	0.5	Biker
140	146	2.585	0.49	Biker
141	146	2.545	0.49	Biker
142	146	2.51	0.465	Biker
143	146	2.455	0.465	Biker
144	146	2.42	0.465	Biker
145	146	2.38	0.445	Biker
146	146	2.325	0.445	Biker
147	146	2.29	0.435	Biker
148	146	2.255	0.42	Biker
149	146	2.2	0.41	Biker
150	146	2.16	0.4	Biker
151	146	2.125	0.4	Biker
152	146	2.07	0.385	Biker
153	146	2.035	0.375	Biker
154	146	1.995	0.365	Biker
155	146	1.94	0.365	Biker
156	146	1.905	0.345	Biker
157	146	1.865	0.345	Biker
158	146	1.815	0.345	Biker
159	146	1.775	0.32	Biker
160	146	1.74	0.32	Biker
161	146	1.685	0.295	Biker
162	146	1.645	0.295	Biker
163	146	1.61	0.285	Biker
164	146	1.555	0.275	Biker
165	146	1.52	0.275	Biker
166	146	1.485	0.265	Biker
167	146	1.425	0.255	Biker
168	146	1.39	0.245	Biker
169	146	1.355	0.245	Biker
170	146	1.3	0.22	Biker
171	146	1.26	0.22	Biker
172	146	1.225	0.22	Biker
173	146	1.08	0.22	Biker
174	146	0.93	0.22	Biker
175	146	0.785	0.22	Biker
176	146	0.655	0.245	Biker
177	146	0.475	0.285	Biker
178	146	0.29	0.355	Biker
179	146	0.24	0.395	Biker
180	146	0.21	0.455	Biker
181	146	0.17	0.5	Biker
182	146	0.17	0.525	Biker
183	146	0.17	0.525	Biker
184	146	0.17	0.525	Biker
185	146	0.17	0.525	Biker
186	146	0.17	0.525	Biker
187	146	0.17	0.525	Biker
188	146	0.17	0.525	Biker
189	146	0.17	0.525	Biker
190	146	0.17	0.525	Biker
191	146	0.17	0.525	Biker
192	146	0.17	0.525	Biker
193	146	0.17	0.525	Biker
194	146	0.17	0.525	Biker
195	146	0.17	0.525	Biker
196	146	0.17	0.525	Biker
197	146	0.17	0.525	Biker
198	146	0.17	0.525	Biker
199	146	0.17	0.525	Biker
200	146	0.17	0.525	Biker
201	146	0.17	0.525	Biker
202	146	0.17	0.525	Biker
203	146	0.17	0.525	Biker
204	146	0.17	0.525	Biker
205	146	0.17	0.525	Biker
206	146	0.17	0.525	Biker
100	147	3.42	1.535	Biker
101	147	3.38	1.515	Biker
102	147	3.345	1.515	Biker
103	147	3.31	1.515	Biker
104	147	3.28	1.515	Biker
105	147	3.255	1.515	Biker
106	147	3.22	1.515	Biker
107	147	3.18	1.49	Biker
108	147	3.15	1.49	Biker
109	147	3.125	1.49	Biker
110	147	3.09	1.49	Biker
111	147	3.05	1.49	Biker
112	147	3.025	1.49	Biker
113	147	2.995	1.49	Biker
114	147	2.96	1.465	Biker
115	147	2.93	1.465	Biker
116	147	2.895	1.465	Biker
117	147	2.87	1.465	Biker
118	147	2.83	1.465	Biker
119	147	2.805	1.465	Biker
120	147	2.77	1.465	Biker
121	147	2.74	1.445	Biker
122	147	2.705	1.445	Biker
123	147	2.675	1.445	Biker
124	147	2.64	1.445	Biker
125	147	2.61	1.445	Biker
126	147	2.585	1.445	Biker
127	147	2.55	1.425	Biker
128	147	2.51	1.425	Biker
129	147	2.475	1.425	Biker
130	147	2.455	1.425	Biker
131	147	2.42	1.425	Biker
132	147	2.38	1.425	Biker
133	147	2.345	1.425	Biker
134	147	2.33	1.4	Biker
135	147	2.29	1.4	Biker
136	147	2.25	1.4	Biker
137	147	2.22	1.4	Biker
138	147	2.2	1.4	Biker
139	147	2.16	1.4	Biker
140	147	2.125	1.4	Biker
141	147	2.1	1.375	Biker
142	147	2.07	1.375	Biker
143	147	2.03	1.375	Biker
144	147	2.0	1.375	Biker
145	147	1.97	1.375	Biker
146	147	1.94	1.375	Biker
147	147	1.905	1.355	Biker
148	147	1.87	1.355	Biker
149	147	1.84	1.355	Biker
150	147	1.81	1.355	Biker
151	147	1.775	1.355	Biker
152	147	1.75	1.355	Biker
153	147	1.71	1.355	Biker
154	147	1.675	1.335	Biker
155	147	1.65	1.335	Biker
156	147	1.62	1.335	Biker
157	147	1.58	1.335	Biker
158	147	1.55	1.335	Biker
159	147	1.52	1.335	Biker
160	147	1.49	1.335	Biker
161	147	1.455	1.31	Biker
162	147	1.42	1.31	Biker
163	147	1.4	1.31	Biker
164	147	1.36	1.31	Biker
165	147	1.33	1.31	Biker
166	147	1.29	1.31	Biker
167	147	1.27	1.285	Biker
168	147	1.23	1.285	Biker
169	147	1.2	1.285	Biker
170	147	1.16	1.285	Biker
171	147	1.14	1.285	Biker
172	147	1.11	1.285	Biker
173	147	1.07	1.285	Biker
174	147	1.03	1.265	Biker
175	147	1.01	1.265	Biker
176	147	0.98	1.265	Biker
177	147	0.94	1.265	Biker
178	147	0.91	1.265	Biker
179	147	0.88	1.265	Biker
180	147	0.85	1.265	Biker
181	147	0.81	1.245	Biker
182	147	0.78	1.245	Biker
183	147	0.75	1.245	Biker
184	147	0.72	1.245	Biker
185	147	0.68	1.245	Biker
186	147	0.66	1.245	Biker
187	147	0.62	1.22	Biker
188	147	0.59	1.22	Biker
189	147	0.56	1.22	Biker
190	147	0.53	1.22	Biker
191	147	0.49	1.22	Biker
192	147	0.46	1.22	Biker
193	147	0.44	1.22	Biker
194	147	0.4	1.195	Biker
195	147	0.36	1.195	Biker
196	147	0.335	1.195	Biker
197	147	0.31	1.195	Biker
198	147	0.27	1.195	Biker
199	147	0.23	1.195	Biker
200	147	0.22	1.195	Biker
201	147	0.34	1.13	Biker
202	147	0.47	1.065	Biker
203	147	0.6	0.995	Biker
204	147	0.75	0.95	Biker
205	147	0.88	0.885	Biker
206	147	1.005	0.815	Biker
100	148	2.775	0.69	Pedestrian
101	148	2.76	0.67	Pedestrian
102	148	2.76	0.67	Pedestrian
103	148	2.74	0.67	Pedestrian
104	148	2.74	0.645	Pedestrian
105	148	2.72	0.645	Pedestrian
106	148	2.72	0.645	Pedestrian
107	148	2.705	0.645	Pedestrian
108	148	2.705	0.625	Pedestrian
109	148	2.685	0.625	Pedestrian
110	148	2.685	0.625	Pedestrian
111	148	2.685	0.625	Pedestrian
112	148	2.665	0.6	Pedestrian
113	148	2.665	0.6	Pedestrian
114	148	2.65	0.6	Pedestrian
115	148	2.65	0.59	Pedestrian
116	148	2.63	0.58	Pedestrian
117	148	2.63	0.58	Pedestrian
118	148	2.61	0.58	Pedestrian
119	148	2.61	0.565	Pedestrian
120	148	2.595	0.555	Pedestrian
121	148	2.595	0.555	Pedestrian
122	148	2.595	0.555	Pedestrian
123	148	2.575	0.545	Pedestrian
124	148	2.575	0.535	Pedestrian
125	148	2.555	0.535	Pedestrian
126	148	2.555	0.525	Pedestrian
127	148	2.54	0.525	Pedestrian
128	148	2.54	0.51	Pedestrian
129	148	2.52	0.51	Pedestrian
130	148	2.52	0.5	Pedestrian
131	148	2.5	0.49	Pedestrian
132	148	2.5	0.49	Pedestrian
133	148	2.5	0.49	Pedestrian
134	148	2.485	0.475	Pedestrian
135	148	2.485	0.465	Pedestrian
136	148	2.465	0.465	Pedestrian
137	148	2.465	0.455	Pedestrian
138	148	2.445	0.455	Pedestrian
139	148	2.445	0.445	Pedestrian
140	148	2.43	0.445	Pedestrian
141	148	2.43	0.435	Pedestrian
142	148	2.41	0.435	Pedestrian
143	148	2.41	0.42	Pedestrian
144	148	2.41	0.42	Pedestrian
145	148	2.39	0.41	Pedestrian
146	148	2.39	0.41	Pedestrian
147	148	2.375	0.4	Pedestrian
148	148	2.375	0.385	Pedestrian
149	148	2.355	0.385	Pedestrian
150	148	2.355	0.385	Pedestrian
151	148	2.335	0.375	Pedestrian
152	148	2.335	0.365	Pedestrian
153	148	2.315	0.365	Pedestrian
154	148	2.315	0.365	Pedestrian
155	148	2.315	0.355	Pedestrian
156	148	2.3	0.345	Pedestrian
157	148	2.3	0.345	Pedestrian
158	148	2.28	0.33	Pedestrian
159	148	2.28	0.32	Pedestrian
160	148	2.265	0.32	Pedestrian
161	148	2.265	0.32	Pedestrian
162	148	2.245	0.31	Pedestrian
163	148	2.245	0.295	Pedestrian
164	148	2.225	0.295	Pedestrian
165	148	2.225	0.295	Pedestrian
166	148	2.225	0.285	Pedestrian
167	148	2.205	0.275	Pedestrian
168	148	2.205	0.275	Pedestrian
169	148	2.19	0.275	Pedestrian
170	148	2.19	0.255	Pedestrian
171	148	2.17	0.255	Pedestrian
172	148	2.17	0.255	Pedestrian
173	148	2.155	0.255	Pedestrian
174	148	2.155	0.235	Pedestrian
175	148	2.135	0.235	Pedestrian
176	148	2.135	0.235	Pedestrian
177	148	2.135	0.235	Pedestrian
178	148	2.095	0.255	Pedestrian
179	148	2.06	0.275	Pedestrian
180	148	2.025	0.32	Pedestrian
181	148	2.005	0.345	Pedestrian
182	148	1.97	0.385	Pedestrian
183	148	1.93	0.41	Pedestrian
184	148	1.895	0.455	Pedestrian
185	148	1.86	0.475	Pedestrian
186	148	1.84	0.525	Pedestrian
187	148	1.805	0.545	Pedestrian
188	148	1.75	0.59	Pedestrian
189	148	1.695	0.655	Pedestrian
190	148	1.64	0.705	Pedestrian
191	148	1.585	0.745	Pedestrian
192	148	1.545	0.795	Pedestrian
193	148	1.49	0.86	Pedestrian
194	148	1.435	0.905	Pedestrian
195	148	1.42	0.95	Pedestrian
196	148	1.38	1.015	Pedestrian
197	148	1.345	1.065	Pedestrian
198	148	1.31	1.13	Pedestrian
199	148	1.29	1.175	Pedestrian
200	148	1.29	1.175	Pedestrian
201	148	1.225	1.245	Pedestrian
202	148	1.18	1.32	Pedestrian
203	148	1.115	1.4	Pedestrian
204	148	1.07	1.48	Pedestrian
205	148	1.015	1.56	Pedestrian
206	148	0.96	1.635	Pedestrian
207	148	0.93	1.705	Pedestrian
208	148	0.895	1.795	Pedestrian
209	148	0.875	1.86	Pedestrian
210	148	0.86	1.93	Pedestrian
211	148	0.84	1.995	Pedestrian
212	148	0.805	2.065	Pedestrian
213	148	0.785	2.155	Pedestrian
214	148	0.765	2.22	Pedestrian
215	148	0.745	2.29	Pedestrian
216	148	0.71	2.355	Pedestrian
217	148	0.71	2.42	Pedestrian
218	148	0.695	2.47	Pedestrian
219	148	0.685	2.535	Pedestrian
220	148	0.665	2.58	Pedestrian
221	148	0.645	2.65	Pedestrian
222	148	0.645	2.69	Pedestrian
223	148	0.63	2.76	Pedestrian
224	148	0.61	2.805	Pedestrian
225	148	0.6	2.87	Pedestrian
226	148	0.58	2.92	Pedestrian
227	148	0.58	2.985	Pedestrian
228	148	0.565	3.03	Pedestrian
229	148	0.545	3.095	Pedestrian
230	148	0.54	3.14	Pedestrian
231	148	0.52	3.21	Pedestrian
232	148	0.51	3.255	Pedestrian
233	148	0.5	3.32	Pedestrian
234	148	0.48	3.365	Pedestrian
235	148	0.47	3.435	Pedestrian
236	148	0.45	3.48	Pedestrian
237	148	0.445	3.545	Pedestrian
238	148	0.44	3.615	Pedestrian
239	148	0.42	3.66	Pedestrian
240	148	0.4	3.725	Pedestrian
241	148	0.4	3.77	Pedestrian
242	148	0.38	3.84	Pedestrian
243	148	0.37	3.885	Pedestrian
244	148	0.35	3.95	Pedestrian
245	148	0.335	3.995	Pedestrian
246	148	0.335	4.065	Pedestrian
247	148	0.32	4.11	Pedestrian
248	148	0.3	4.175	Pedestrian
249	148	0.29	4.22	Pedestrian
250	148	0.27	4.29	Pedestrian
251	148	0.27	4.335	Pedestrian
252	148	0.25	4.4	Pedestrian
253	148	0.235	4.445	Pedestrian
254	148	0.225	4.515	Pedestrian
255	148	0.205	4.56	Pedestrian
256	148	0.2	4.625	Pedestrian
257	148	0.19	4.67	Pedestrian
258	148	0.19	4.715	Pedestrian
259	148	0.19	4.715	Pedestrian
260	148	0.19	4.715	Pedestrian
261	148	0.19	4.715	Pedestrian
262	148	0.19	4.715	Pedestrian
263	148	0.19	4.715	Pedestrian
264	148	0.19	4.715	Pedestrian
265	148	0.19	4.715	Pedestrian
266	148	0.19	4.715	Pedestrian
267	148	0.19	4.715	Pedestrian
268	148	0.19	4.715	Pedestrian
269	148	0.19	4.715	Pedestrian
270	148	0.19	4.715	Pedestrian
271	148	0.19	4.715	Pedestrian
272	148	0.19	4.715	Pedestrian
273	148	0.19	4.715	Pedestrian
274	148	0.19	4.715	Pedestrian
275	148	0.19	4.715	Pedestrian
276	148	0.19	4.715	Pedestrian
277	148	0.19	4.715	Pedestrian
278	148	0.19	4.715	Pedestrian
279	148	0.19	4.715	Pedestrian
280	148	0.19	4.715	Pedestrian
281	148	0.19	4.715	Pedestrian
282	148	0.19	4.715	Pedestrian
283	148	0.19	4.715	Pedestrian
284	148	0.19	4.715	Pedestrian
285	148	0.19	4.715	Pedestrian
286	148	0.19	4.715	Pedestrian
287	148	0.19	4.715	Pedestrian
288	148	0.19	4.715	Pedestrian
200	149	0.04	0.995	Pedestrian
201	149	0.16	1.175	Pedestrian
202	149	0.305	1.095	Pedestrian
203	149	0.455	1.04	Pedestrian
204	149	0.6	0.96	Pedestrian
205	149	0.735	0.905	Pedestrian
206	149	0.875	0.825	Pedestrian
207	149	1.03	0.725	Pedestrian
208	149	1.225	0.615	Pedestrian
209	149	1.485	0.515	Pedestrian
210	149	1.635	0.475	Pedestrian
211	149	1.785	0.475	Pedestrian
212	149	1.915	0.475	Pedestrian
213	149	2.045	0.455	Pedestrian
214	149	2.175	0.455	Pedestrian
215	149	2.315	0.455	Pedestrian
216	149	2.445	0.435	Pedestrian
217	149	2.63	0.435	Pedestrian
218	149	2.795	0.435	Pedestrian
219	149	2.975	0.435	Pedestrian
220	149	3.145	0.435	Pedestrian
221	149	3.325	0.435	Pedestrian
222	149	3.495	0.435	Pedestrian
223	149	3.675	0.435	Pedestrian
224	149	3.845	0.435	Pedestrian
225	149	4.025	0.435	Pedestrian
226	149	4.195	0.435	Pedestrian
227	149	4.375	0.435	Pedestrian
228	149	4.535	0.435	Pedestrian
229	149	4.725	0.435	Pedestrian
230	149	4.885	0.41	Pedestrian
231	149	5.055	0.41	Pedestrian
232	149	5.235	0.41	Pedestrian
233	149	5.405	0.41	Pedestrian
234	149	5.585	0.41	Pedestrian
235	149	5.755	0.41	Pedestrian
236	149	5.935	0.41	Pedestrian
237	149	6.1	0.41	Pedestrian
238	149	6.285	0.41	Pedestrian
239	149	6.445	0.41	Pedestrian
240	149	6.635	0.41	Pedestrian
241	149	6.795	0.41	Pedestrian
242	149	6.985	0.41	Pedestrian
243	149	7.145	0.41	Pedestrian
244	149	7.33	0.385	Pedestrian
245	149	7.495	0.385	Pedestrian
246	149	7.675	0.385	Pedestrian
247	149	7.845	0.385	Pedestrian
248	149	8.01	0.385	Pedestrian
249	149	8.195	0.385	Pedestrian
250	149	8.355	0.385	Pedestrian
251	149	8.545	0.385	Pedestrian
252	149	8.705	0.385	Pedestrian
253	149	8.895	0.385	Pedestrian
254	149	9.055	0.385	Pedestrian
255	149	9.24	0.385	Pedestrian
256	149	9.405	0.385	Pedestrian
257	149	9.585	0.385	Pedestrian
258	149	9.755	0.385	Pedestrian
259	149	9.935	0.435	Pedestrian
260	149	10.125	0.455	Pedestrian
261	149	10.285	0.475	Pedestrian
262	149	10.47	0.5	Pedestrian
263	149	10.655	0.545	Pedestrian
264	149	10.835	0.565	Pedestrian
265	149	10.985	0.565	Pedestrian
266	149	11.115	0.565	Pedestrian
267	149	11.225	0.545	Pedestrian
268	149	11.355	0.545	Pedestrian
269	149	11.48	0.525	Pedestrian
270	149	11.605	0.525	Pedestrian
271	149	11.735	0.525	Pedestrian
272	149	11.955	0.635	Pedestrian
273	149	12.175	0.77	Pedestrian
274	149	12.415	0.925	Pedestrian
275	149	12.545	1.015	Pedestrian
276	149	12.605	1.085	Pedestrian
277	149	12.675	1.155	Pedestrian
278	149	12.745	1.22	Pedestrian
279	149	12.805	1.265	Pedestrian
280	149	12.875	1.335	Pedestrian
281	149	12.94	1.4	Pedestrian
282	149	12.95	1.4	Pedestrian
283	149	12.96	1.4	Pedestrian
284	149	12.98	1.4	Pedestrian
285	149	12.985	1.425	Pedestrian
286	149	12.985	1.425	Pedestrian
287	149	12.985	1.425	Pedestrian
288	149	12.985	1.425	Pedestrian
200	150	0.29	0.95	Pedestrian
201	150	0.29	0.95	Pedestrian
202	150	0.29	0.95	Pedestrian
203	150	0.29	0.95	Pedestrian
204	150	0.29	0.95	Pedestrian
205	150	0.29	0.95	Pedestrian
206	150	0.29	0.95	Pedestrian
207	150	0.29	0.95	Pedestrian
208	150	0.29	0.95	Pedestrian
209	150	0.29	0.95	Pedestrian
210	150	0.36	0.905	Pedestrian
211	150	0.49	0.86	Pedestrian
212	150	0.64	0.815	Pedestrian
213	150	0.84	0.77	Pedestrian
214	150	1.04	0.745	Pedestrian
215	150	1.24	0.725	Pedestrian
216	150	1.445	0.68	Pedestrian
217	150	1.61	0.68	Pedestrian
218	150	1.775	0.68	Pedestrian
219	150	1.94	0.68	Pedestrian
220	150	2.09	0.68	Pedestrian
221	150	2.25	0.68	Pedestrian
222	150	2.42	0.655	Pedestrian
223	150	2.585	0.655	Pedestrian
224	150	2.73	0.655	Pedestrian
225	150	2.895	0.655	Pedestrian
226	150	3.06	0.655	Pedestrian
227	150	3.23	0.655	Pedestrian
228	150	3.37	0.635	Pedestrian
229	150	3.54	0.635	Pedestrian
230	150	3.705	0.635	Pedestrian
231	150	3.87	0.635	Pedestrian
232	150	4.015	0.635	Pedestrian
233	150	4.18	0.635	Pedestrian
234	150	4.35	0.615	Pedestrian
235	150	4.51	0.615	Pedestrian
236	150	4.66	0.615	Pedestrian
237	150	4.825	0.615	Pedestrian
238	150	4.99	0.615	Pedestrian
239	150	5.155	0.615	Pedestrian
240	150	5.3	0.59	Pedestrian
241	150	5.47	0.59	Pedestrian
242	150	5.63	0.59	Pedestrian
243	150	5.8	0.59	Pedestrian
244	150	5.945	0.59	Pedestrian
245	150	6.11	0.59	Pedestrian
246	150	6.275	0.565	Pedestrian
247	150	6.44	0.565	Pedestrian
248	150	6.59	0.565	Pedestrian
249	150	6.75	0.565	Pedestrian
250	150	6.92	0.565	Pedestrian
251	150	7.08	0.565	Pedestrian
252	150	7.23	0.545	Pedestrian
253	150	7.395	0.545	Pedestrian
254	150	7.56	0.545	Pedestrian
255	150	7.725	0.545	Pedestrian
256	150	7.87	0.545	Pedestrian
257	150	8.04	0.545	Pedestrian
258	150	8.2	0.525	Pedestrian
259	150	8.37	0.51	Pedestrian
260	150	8.53	0.5	Pedestrian
261	150	8.68	0.49	Pedestrian
262	150	8.845	0.48	Pedestrian
263	150	9.01	0.47	Pedestrian
264	150	9.175	0.46	Pedestrian
265	150	9.34	0.445	Pedestrian
266	150	9.525	0.425	Pedestrian
267	150	9.69	0.415	Pedestrian
268	150	9.855	0.39	Pedestrian
269	150	10.04	0.38	Pedestrian
270	150	10.205	0.355	Pedestrian
271	150	10.39	0.345	Pedestrian
272	150	10.425	0.345	Pedestrian
273	150	10.425	0.345	Pedestrian
274	150	10.425	0.345	Pedestrian
275	150	10.425	0.345	Pedestrian
276	150	10.425	0.345	Pedestrian
277	150	10.425	0.345	Pedestrian
278	150	10.425	0.345	Pedestrian
279	150	10.425	0.345	Pedestrian
280	150	10.425	0.345	Pedestrian
281	150	10.425	0.345	Pedestrian
282	150	10.425	0.345	Pedestrian
283	150	10.425	0.345	Pedestrian
284	150	10.425	0.345	Pedestrian
285	150	10.425	0.345	Pedestrian
286	150	10.425	0.345	Pedestrian
287	150	10.425	0.345	Pedestrian
288	150	10.425	0.345	Pedestrian
200	151	10.595	1.105	Pedestrian
201	151	10.595	1.105	Pedestrian
202	151	10.595	1.105	Pedestrian
203	151	10.595	1.105	Pedestrian
204	151	10.595	1.105	Pedestrian
205	151	10.595	1.105	Pedestrian
206	151	10.595	1.105	Pedestrian
207	151	10.595	1.105	Pedestrian
208	151	10.595	1.105	Pedestrian
209	151	10.595	1.105	Pedestrian
210	151	10.595	1.105	Pedestrian
211	151	10.595	1.105	Pedestrian
212	151	10.595	1.105	Pedestrian
213	151	10.595	1.105	Pedestrian
214	151	10.595	1.105	Pedestrian
215	151	10.595	1.105	Pedestrian
216	151	10.595	1.105	Pedestrian
217	151	10.595	1.105	Pedestrian
218	151	10.595	1.105	Pedestrian
219	151	10.595	1.105	Pedestrian
220	151	10.595	1.105	Pedestrian
221	151	10.595	1.105	Pedestrian
222	151	10.595	1.105	Pedestrian
223	151	10.595	1.105	Pedestrian
224	151	10.595	1.105	Pedestrian
225	151	10.595	1.105	Pedestrian
226	151	10.595	1.105	Pedestrian
227	151	10.595	1.105	Pedestrian
228	151	10.595	1.105	Pedestrian
229	151	10.595	1.105	Pedestrian
230	151	10.595	1.105	Pedestrian
231	151	10.595	1.105	Pedestrian
232	151	10.595	1.105	Pedestrian
233	151	10.595	1.105	Pedestrian
234	151	10.595	1.105	Pedestrian
235	151	10.595	1.105	Pedestrian
236	151	10.595	1.105	Pedestrian
237	151	10.595	1.105	Pedestrian
238	151	10.595	1.105	Pedestrian
239	151	10.595	1.105	Pedestrian
240	151	10.595	1.105	Pedestrian
241	151	10.595	1.105	Pedestrian
242	151	10.595	1.105	Pedestrian
243	151	10.595	1.105	Pedestrian
244	151	10.595	1.105	Pedestrian
245	151	10.595	1.105	Pedestrian
246	151	10.595	1.105	Pedestrian
247	151	10.595	1.105	Pedestrian
248	151	10.595	1.105	Pedestrian
249	151	10.595	1.105	Pedestrian
250	151	10.595	1.105	Pedestrian
251	151	10.595	1.105	Pedestrian
252	151	10.595	1.105	Pedestrian
253	151	10.595	1.105	Pedestrian
254	151	10.595	1.105	Pedestrian
255	151	10.595	1.105	Pedestrian
256	151	10.595	1.105	Pedestrian
257	151	10.595	1.105	Pedestrian
258	151	10.595	1.105	Pedestrian
259	151	10.595	1.105	Pedestrian
260	151	10.595	1.105	Pedestrian
261	151	10.595	1.105	Pedestrian
262	151	10.595	1.105	Pedestrian
263	151	10.595	1.105	Pedestrian
264	151	10.595	1.105	Pedestrian
265	151	10.595	1.105	Pedestrian
266	151	10.595	1.105	Pedestrian
267	151	10.595	1.105	Pedestrian
268	151	10.595	1.105	Pedestrian
269	151	10.595	1.105	Pedestrian
270	151	10.595	1.105	Pedestrian
271	151	10.595	1.105	Pedestrian
272	151	10.595	1.105	Pedestrian
273	151	10.595	1.105	Pedestrian
274	151	10.595	1.105	Pedestrian
275	151	10.595	1.105	Pedestrian
276	151	10.595	1.105	Pedestrian
277	151	10.595	1.105	Pedestrian
278	151	10.595	1.105	Pedestrian
279	151	10.595	1.105	Pedestrian
280	151	10.595	1.105	Pedestrian
281	151	10.595	1.105	Pedestrian
282	151	10.595	1.105	Pedestrian
283	151	10.595	1.105	Pedestrian
284	151	10.595	1.105	Pedestrian
285	151	10.595	1.105	Pedestrian
286	151	10.595	1.105	Pedestrian
287	151	10.595	1.105	Pedestrian
288	151	10.595	1.105	Pedestrian
200	152	12.28	0.39	Biker
201	152	12.26	0.365	Biker
202	152	12.26	0.365	Biker
203	152	12.26	0.365	Biker
204	152	12.26	0.365	Biker
205	152	12.26	0.365	Biker
206	152	12.26	0.34	Biker
207	152	12.26	0.34	Biker
208	152	12.26	0.34	Biker
209	152	12.26	0.34	Biker
210	152	12.26	0.34	Biker
211	152	12.26	0.34	Biker
212	152	12.26	0.32	Biker
213	152	12.26	0.32	Biker
214	152	12.26	0.32	Biker
215	152	12.26	0.32	Biker
216	152	12.26	0.32	Biker
217	152	12.26	0.32	Biker
218	152	12.26	0.3	Biker
219	152	12.26	0.3	Biker
220	152	12.26	0.3	Biker
221	152	12.26	0.3	Biker
222	152	12.26	0.3	Biker
223	152	12.26	0.28	Biker
224	152	12.26	0.28	Biker
225	152	12.26	0.28	Biker
226	152	12.26	0.28	Biker
227	152	12.26	0.28	Biker
228	152	12.26	0.28	Biker
229	152	12.17	0.265	Biker
230	152	12.02	0.255	Biker
231	152	11.875	0.255	Biker
232	152	11.875	0.255	Biker
233	152	11.875	0.255	Biker
234	152	11.875	0.255	Biker
235	152	11.875	0.255	Biker
236	152	11.875	0.255	Biker
237	152	11.875	0.255	Biker
238	152	11.875	0.255	Biker
239	152	11.875	0.255	Biker
240	152	11.875	0.255	Biker
241	152	11.875	0.255	Biker
242	152	11.875	0.255	Biker
243	152	11.875	0.255	Biker
244	152	11.875	0.255	Biker
245	152	11.875	0.255	Biker
246	152	11.875	0.255	Biker
247	152	11.875	0.255	Biker
248	152	11.875	0.255	Biker
249	152	11.875	0.255	Biker
250	152	11.875	0.255	Biker
251	152	11.875	0.255	Biker
252	152	11.875	0.255	Biker
253	152	11.875	0.255	Biker
254	152	11.875	0.255	Biker
255	152	11.875	0.255	Biker
256	152	11.875	0.255	Biker
257	152	11.875	0.255	Biker
258	152	11.875	0.255	Biker
259	152	11.875	0.255	Biker
260	152	11.875	0.255	Biker
261	152	11.875	0.255	Biker
262	152	11.875	0.255	Biker
263	152	11.875	0.255	Biker
264	152	11.875	0.255	Biker
265	152	11.875	0.255	Biker
266	152	11.875	0.255	Biker
267	152	11.875	0.255	Biker
268	152	11.875	0.255	Biker
269	152	11.875	0.255	Biker
270	152	11.875	0.255	Biker
271	152	11.875	0.255	Biker
272	152	11.875	0.255	Biker
273	152	11.875	0.255	Biker
274	152	11.875	0.255	Biker
275	152	11.875	0.255	Biker
276	152	11.875	0.255	Biker
277	152	11.875	0.255	Biker
278	152	11.875	0.255	Biker
279	152	11.875	0.255	Biker
280	152	11.875	0.255	Biker
281	152	11.875	0.255	Biker
282	152	11.875	0.255	Biker
283	152	11.875	0.255	Biker
284	152	11.875	0.255	Biker
285	152	11.875	0.255	Biker
286	152	11.875	0.255	Biker
287	152	11.875	0.255	Biker
288	152	11.875	0.255	Biker
200	154	12.975	0.29	Biker
201	154	12.975	0.29	Biker
202	154	12.975	0.29	Biker
203	154	12.975	0.29	Biker
204	154	12.975	0.29	Biker
205	154	12.975	0.29	Biker
206	154	12.975	0.29	Biker
207	154	12.975	0.29	Biker
208	154	12.975	0.29	Biker
209	154	12.975	0.29	Biker
210	154	12.975	0.29	Biker
211	154	12.975	0.29	Biker
212	154	12.975	0.29	Biker
213	154	12.975	0.29	Biker
214	154	12.975	0.29	Biker
215	154	12.975	0.29	Biker
216	154	12.975	0.29	Biker
217	154	12.975	0.29	Biker
218	154	12.975	0.29	Biker
219	154	12.975	0.29	Biker
220	154	12.975	0.29	Biker
221	154	12.975	0.29	Biker
222	154	12.975	0.29	Biker
223	154	12.975	0.29	Biker
224	154	12.975	0.29	Biker
225	154	12.975	0.29	Biker
226	154	12.975	0.29	Biker
227	154	12.975	0.29	Biker
228	154	12.975	0.29	Biker
229	154	12.975	0.29	Biker
230	154	12.975	0.29	Biker
231	154	12.975	0.29	Biker
232	154	12.975	0.29	Biker
233	154	12.975	0.29	Biker
234	154	12.975	0.29	Biker
235	154	12.975	0.29	Biker
236	154	12.975	0.29	Biker
237	154	12.975	0.29	Biker
238	154	12.975	0.29	Biker
239	154	12.975	0.29	Biker
240	154	12.975	0.29	Biker
241	154	12.975	0.29	Biker
242	154	12.975	0.29	Biker
243	154	12.975	0.29	Biker
244	154	12.975	0.29	Biker
245	154	12.975	0.29	Biker
246	154	12.975	0.29	Biker
247	154	12.975	0.29	Biker
248	154	12.975	0.29	Biker
249	154	12.975	0.29	Biker
250	154	12.975	0.29	Biker
251	154	12.975	0.29	Biker
252	154	12.975	0.29	Biker
253	154	12.975	0.29	Biker
254	154	12.975	0.29	Biker
255	154	12.975	0.29	Biker
256	154	12.975	0.29	Biker
257	154	12.975	0.29	Biker
258	154	12.975	0.29	Biker
259	154	12.975	0.29	Biker
260	154	12.975	0.29	Biker
261	154	12.975	0.29	Biker
262	154	12.975	0.29	Biker
263	154	12.975	0.29	Biker
264	154	12.975	0.29	Biker
265	154	12.975	0.29	Biker
266	154	12.975	0.29	Biker
267	154	12.975	0.29	Biker
268	154	12.975	0.29	Biker
269	154	12.975	0.29	Biker
270	154	12.975	0.29	Biker
271	154	12.975	0.29	Biker
272	154	12.975	0.29	Biker
273	154	12.975	0.29	Biker
274	154	12.975	0.29	Biker
275	154	12.975	0.29	Biker
276	154	12.975	0.29	Biker
277	154	12.885	0.28	Biker
278	154	12.705	0.255	Biker
279	154	12.705	0.255	Biker
280	154	12.705	0.255	Biker
281	154	12.705	0.255	Biker
282	154	12.705	0.255	Biker
283	154	12.705	0.255	Biker
284	154	12.705	0.255	Biker
285	154	12.705	0.255	Biker
286	154	12.705	0.255	Biker
287	154	12.705	0.255	Biker
288	154	12.705	0.255	Biker
200	155	12.14	0.34	Biker
201	155	12.14	0.32	Biker
202	155	12.14	0.32	Biker
203	155	12.14	0.32	Biker
204	155	12.14	0.32	Biker
205	155	12.14	0.32	Biker
206	155	12.14	0.32	Biker
207	155	12.14	0.32	Biker
208	155	12.14	0.32	Biker
209	155	12.14	0.32	Biker
210	155	12.14	0.32	Biker
211	155	12.14	0.32	Biker
212	155	12.14	0.32	Biker
213	155	12.14	0.32	Biker
214	155	12.14	0.31	Biker
215	155	12.14	0.31	Biker
216	155	12.14	0.31	Biker
217	155	12.14	0.31	Biker
218	155	12.14	0.31	Biker
219	155	12.14	0.31	Biker
220	155	12.14	0.31	Biker
221	155	12.14	0.3	Biker
222	155	12.14	0.3	Biker
223	155	12.14	0.3	Biker
224	155	12.14	0.3	Biker
225	155	12.14	0.3	Biker
226	155	12.14	0.3	Biker
227	155	12.14	0.285	Biker
228	155	12.14	0.285	Biker
229	155	12.14	0.285	Biker
230	155	12.14	0.285	Biker
231	155	12.14	0.285	Biker
232	155	12.14	0.285	Biker
233	155	12.14	0.285	Biker
234	155	12.14	0.285	Biker
235	155	12.14	0.285	Biker
236	155	12.14	0.285	Biker
237	155	12.14	0.285	Biker
238	155	12.14	0.285	Biker
239	155	12.14	0.285	Biker
240	155	12.14	0.285	Biker
241	155	12.14	0.265	Biker
242	155	12.14	0.265	Biker
243	155	12.14	0.265	Biker
244	155	12.14	0.265	Biker
245	155	12.14	0.265	Biker
246	155	12.14	0.265	Biker
247	155	12.14	0.265	Biker
248	155	12.14	0.265	Biker
249	155	12.14	0.265	Biker
250	155	12.14	0.265	Biker
251	155	12.14	0.265	Biker
252	155	12.14	0.265	Biker
253	155	12.14	0.265	Biker
254	155	12.14	0.255	Biker
255	155	12.14	0.255	Biker
256	155	12.14	0.255	Biker
257	155	12.14	0.255	Biker
258	155	12.14	0.255	Biker
259	155	12.14	0.255	Biker
260	155	12.14	0.255	Biker
261	155	12.14	0.245	Biker
262	155	12.14	0.245	Biker
263	155	12.14	0.245	Biker
264	155	12.14	0.245	Biker
265	155	12.14	0.245	Biker
266	155	12.14	0.245	Biker
267	155	12.14	0.245	Biker
268	155	12.14	0.235	Biker
269	155	12.14	0.235	Biker
270	155	12.14	0.235	Biker
271	155	12.14	0.235	Biker
272	155	12.14	0.235	Biker
273	155	12.14	0.235	Biker
274	155	12.14	0.235	Biker
275	155	12.14	0.235	Biker
276	155	12.14	0.235	Biker
277	155	12.14	0.235	Biker
278	155	12.14	0.235	Biker
279	155	12.14	0.235	Biker
280	155	12.14	0.235	Biker
281	155	12.105	0.22	Biker
282	155	11.92	0.22	Biker
283	155	11.735	0.21	Biker
284	155	11.68	0.21	Biker
285	155	11.68	0.21	Biker
286	155	11.68	0.21	Biker
287	155	11.68	0.21	Biker
288	155	11.68	0.21	Biker
200	157	0.445	0.07	Biker
201	157	0.445	0.07	Biker
202	157	0.445	0.07	Biker
203	157	0.445	0.07	Biker
204	157	0.445	0.07	Biker
205	157	0.445	0.07	Biker
206	157	0.445	0.07	Biker
207	157	0.445	0.07	Biker
208	157	0.445	0.07	Biker
209	157	0.445	0.07	Biker
210	157	0.445	0.07	Biker
211	157	0.445	0.07	Biker
212	157	0.445	0.07	Biker
213	157	0.445	0.07	Biker
214	157	0.445	0.07	Biker
215	157	0.445	0.07	Biker
216	157	0.445	0.07	Biker
217	157	0.445	0.07	Biker
218	157	0.445	0.07	Biker
219	157	0.445	0.07	Biker
220	157	0.445	0.07	Biker
221	157	0.445	0.07	Biker
222	157	0.445	0.07	Biker
223	157	0.445	0.07	Biker
224	157	0.445	0.07	Biker
225	157	0.445	0.07	Biker
226	157	0.445	0.07	Biker
227	157	0.445	0.07	Biker
228	157	0.445	0.07	Biker
229	157	0.445	0.07	Biker
230	157	0.445	0.07	Biker
231	157	0.445	0.07	Biker
232	157	0.445	0.07	Biker
233	157	0.445	0.07	Biker
234	157	0.445	0.07	Biker
235	157	0.445	0.07	Biker
236	157	0.445	0.07	Biker
237	157	0.445	0.07	Biker
238	157	0.445	0.07	Biker
239	157	0.445	0.07	Biker
240	157	0.445	0.07	Biker
241	157	0.445	0.07	Biker
242	157	0.445	0.07	Biker
243	157	0.445	0.07	Biker
244	157	0.445	0.07	Biker
245	157	0.445	0.07	Biker
246	157	0.445	0.07	Biker
247	157	0.445	0.07	Biker
248	157	0.445	0.07	Biker
249	157	0.445	0.07	Biker
250	157	0.445	0.07	Biker
251	157	0.445	0.07	Biker
252	157	0.445	0.07	Biker
253	157	0.445	0.07	Biker
254	157	0.445	0.07	Biker
255	157	0.445	0.07	Biker
256	157	0.445	0.07	Biker
257	157	0.445	0.07	Biker
258	157	0.445	0.07	Biker
259	157	0.445	0.07	Biker
260	157	0.445	0.07	Biker
261	157	0.445	0.07	Biker
262	157	0.445	0.07	Biker
263	157	0.445	0.07	Biker
264	157	0.445	0.07	Biker
265	157	0.445	0.07	Biker
266	157	0.445	0.07	Biker
267	157	0.445	0.07	Biker
268	157	0.445	0.07	Biker
269	157	0.445	0.07	Biker
270	157	0.445	0.07	Biker
271	157	0.445	0.07	Biker
272	157	0.445	0.07	Biker
273	157	0.445	0.07	Biker
274	157	0.445	0.07	Biker
275	157	0.445	0.07	Biker
276	157	0.445	0.07	Biker
277	157	0.445	0.07	Biker
278	157	0.445	0.07	Biker
279	157	0.445	0.07	Biker
280	157	0.445	0.07	Biker
281	157	0.445	0.07	Biker
282	157	0.445	0.07	Biker
283	157	0.445	0.07	Biker
284	157	0.445	0.07	Biker
285	157	0.445	0.07	Biker
286	157	0.445	0.07	Biker
287	157	0.445	0.07	Biker
288	157	0.445	0.07	Biker
200	158	0.445	8.01	Pedestrian
201	158	0.445	8.01	Pedestrian
202	158	0.445	8.01	Pedestrian
203	158	0.445	8.01	Pedestrian
204	158	0.445	8.01	Pedestrian
205	158	0.445	8.01	Pedestrian
206	158	0.445	8.01	Pedestrian
207	158	0.445	8.01	Pedestrian
208	158	0.445	8.01	Pedestrian
209	158	0.445	8.01	Pedestrian
210	158	0.445	8.01	Pedestrian
211	158	0.445	8.01	Pedestrian
212	158	0.445	8.01	Pedestrian
213	158	0.445	8.01	Pedestrian
214	158	0.445	8.01	Pedestrian
215	158	0.445	8.01	Pedestrian
216	158	0.445	8.01	Pedestrian
217	158	0.445	8.01	Pedestrian
218	158	0.445	8.01	Pedestrian
219	158	0.445	8.01	Pedestrian
220	158	0.445	8.01	Pedestrian
221	158	0.445	8.01	Pedestrian
222	158	0.445	8.01	Pedestrian
223	158	0.445	8.01	Pedestrian
224	158	0.445	8.01	Pedestrian
225	158	0.445	8.01	Pedestrian
226	158	0.445	8.01	Pedestrian
227	158	0.445	8.01	Pedestrian
228	158	0.445	8.01	Pedestrian
229	158	0.445	8.01	Pedestrian
230	158	0.445	8.01	Pedestrian
231	158	0.445	8.01	Pedestrian
232	158	0.445	8.01	Pedestrian
233	158	0.445	8.01	Pedestrian
234	158	0.445	8.01	Pedestrian
235	158	0.445	8.01	Pedestrian
236	158	0.445	8.01	Pedestrian
237	158	0.445	8.01	Pedestrian
238	158	0.445	8.01	Pedestrian
239	158	0.445	8.01	Pedestrian
240	158	0.445	8.01	Pedestrian
241	158	0.445	8.01	Pedestrian
242	158	0.445	8.01	Pedestrian
243	158	0.445	8.01	Pedestrian
244	158	0.445	8.01	Pedestrian
245	158	0.445	8.01	Pedestrian
246	158	0.445	8.01	Pedestrian
247	158	0.445	8.01	Pedestrian
248	158	0.445	8.01	Pedestrian
249	158	0.445	8.01	Pedestrian
250	158	0.445	8.01	Pedestrian
251	158	0.445	8.01	Pedestrian
252	158	0.445	8.01	Pedestrian
253	158	0.445	8.01	Pedestrian
254	158	0.445	8.01	Pedestrian
255	158	0.445	8.01	Pedestrian
256	158	0.445	8.01	Pedestrian
257	158	0.445	8.01	Pedestrian
258	158	0.445	8.01	Pedestrian
259	158	0.445	8.01	Pedestrian
260	158	0.445	8.01	Pedestrian
261	158	0.445	8.01	Pedestrian
262	158	0.445	8.01	Pedestrian
263	158	0.445	8.01	Pedestrian
264	158	0.445	8.01	Pedestrian
265	158	0.445	8.01	Pedestrian
266	158	0.445	8.01	Pedestrian
267	158	0.445	8.01	Pedestrian
268	158	0.445	8.01	Pedestrian
269	158	0.445	8.01	Pedestrian
270	158	0.445	8.01	Pedestrian
271	158	0.445	8.01	Pedestrian
272	158	0.445	8.01	Pedestrian
273	158	0.445	8.01	Pedestrian
274	158	0.445	8.01	Pedestrian
275	158	0.445	8.01	Pedestrian
276	158	0.445	8.01	Pedestrian
277	158	0.445	8.01	Pedestrian
278	158	0.445	8.01	Pedestrian
279	158	0.445	8.01	Pedestrian
280	158	0.445	8.01	Pedestrian
281	158	0.445	8.01	Pedestrian
282	158	0.445	8.01	Pedestrian
283	158	0.445	8.01	Pedestrian
284	158	0.445	8.01	Pedestrian
285	158	0.445	8.01	Pedestrian
286	158	0.445	8.01	Pedestrian
287	158	0.445	8.01	Pedestrian
288	158	0.445	8.01	Pedestrian
