100	0	0.555	14.965	Car
101	0	0.54	14.965	Car
102	0	0.54	14.965	Car
103	0	0.53	14.965	Car
104	0	0.52	14.965	Car
105	0	0.515	14.965	Car
106	0	0.515	14.965	Car
107	0	0.505	14.965	Car
108	0	0.495	14.965	Car
109	0	0.495	15.0	Car
110	0	0.48	15.0	Car
111	0	0.48	15.0	Car
112	0	0.48	15.0	Car
113	0	0.465	15.0	Car
114	0	0.465	15.0	Car
115	0	0.455	15.0	Car
116	0	0.445	15.0	Car
117	0	0.435	15.0	Car
118	0	0.435	15.04	Car
119	0	0.43	15.04	Car
120	0	0.425	15.04	Car
121	0	0.425	15.04	Car
122	0	0.405	15.04	Car
123	0	0.405	15.04	Car
124	0	0.405	15.04	Car
125	0	0.39	15.04	Car
126	0	0.39	15.04	Car
127	0	0.38	15.075	Car
128	0	0.375	15.075	Car
129	0	0.365	15.075	Car
130	0	0.365	15.075	Car
131	0	0.355	15.075	Car
132	0	0.35	15.075	Car
133	0	0.35	15.075	Car
134	0	0.335	15.075	Car
135	0	0.335	15.075	Car
136	0	0.335	15.11	Car
137	0	0.595	15.15	Car
138	0	0.875	15.185	Car
139	0	1.075	15.185	Car
140	0	1.285	15.185	Car
141	0	1.63	15.22	Car
142	0	1.995	15.295	Car
143	0	2.175	15.26	Car
144	0	2.37	15.26	Car
145	0	2.57	15.26	Car
146	0	2.75	15.26	Car
147	0	2.895	15.26	Car
148	0	3.015	15.295	Car
149	0	3.225	15.295	Car
150	0	3.455	15.26	Car
151	0	3.635	15.26	Car
152	0	3.82	15.26	Car
153	0	3.885	15.26	Car
154	0	3.915	15.26	Car
155	0	3.965	15.26	Car
156	0	4.0	15.22	Car
157	0	4.035	15.22	Car
158	0	4.065	15.22	Car
159	0	4.05	15.22	Car
160	0	4.0	15.22	Car
161	0	3.965	15.26	Car
162	0	3.915	15.26	Car
163	0	3.885	15.295	Car
164	0	3.835	15.295	Car
165	0	3.8	15.33	Car
166	0	3.755	15.33	Car
167	0	3.655	15.405	Car
168	0	3.54	15.44	Car
169	0	3.525	15.48	Car
100	1	0.67	15.31	Car
101	1	0.65	15.31	Car
102	1	0.65	15.31	Car
103	1	0.65	15.31	Car
104	1	0.65	15.31	Car
105	1	0.65	15.31	Car
106	1	0.65	15.31	Car
107	1	0.65	15.31	Car
108	1	0.65	15.31	Car
109	1	0.64	15.31	Car
110	1	0.64	15.31	Car
111	1	0.64	15.31	Car
112	1	0.64	15.31	Car
113	1	0.64	15.31	Car
114	1	0.64	15.31	Car
115	1	0.64	15.31	Car
116	1	0.64	15.31	Car
117	1	0.62	15.31	Car
118	1	0.62	15.31	Car
119	1	0.62	15.31	Car
120	1	0.62	15.35	Car
121	1	0.62	15.35	Car
122	1	0.62	15.35	Car
123	1	0.62	15.35	Car
124	1	0.62	15.35	Car
125	1	0.6	15.35	Car
126	1	0.6	15.35	Car
127	1	0.6	15.35	Car
128	1	0.6	15.35	Car
129	1	0.6	15.35	Car
130	1	0.6	15.35	Car
131	1	0.6	15.35	Car
132	1	0.6	15.35	Car
133	1	0.59	15.35	Car
134	1	0.59	15.35	Car
135	1	0.59	15.35	Car
136	1	0.59	15.35	Car
137	1	0.59	15.35	Car
138	1	0.59	15.35	Car
139	1	0.59	15.35	Car
140	1	0.59	15.39	Car
141	1	0.93	15.46	Car
142	1	1.28	15.57	Car
143	1	1.475	15.53	Car
144	1	1.67	15.5	Car
145	1	1.89	15.46	Car
146	1	2.08	15.42	Car
147	1	2.26	15.39	Car
148	1	2.43	15.35	Car
149	1	2.63	15.35	Car
150	1	2.86	15.35	Car
151	1	3.07	15.31	Car
152	1	3.27	15.28	Car
153	1	3.32	15.28	Car
154	1	3.35	15.28	Car
155	1	3.37	15.28	Car
156	1	3.38	15.28	Car
157	1	3.4	15.28	Car
158	1	3.42	15.28	Car
159	1	3.38	15.28	Car
160	1	3.35	15.31	Car
161	1	3.3	15.31	Car
162	1	3.25	15.35	Car
163	1	3.2	15.39	Car
164	1	3.17	15.39	Car
165	1	3.12	15.42	Car
166	1	3.07	15.42	Car
167	1	3.0	15.46	Car
168	1	2.92	15.46	Car
169	1	2.91	15.46	Car
100	2	0.155	15.35	Car
101	2	0.155	15.35	Car
102	2	0.155	15.35	Car
103	2	0.155	15.35	Car
104	2	0.155	15.35	Car
105	2	0.155	15.35	Car
106	2	0.155	15.35	Car
107	2	0.155	15.35	Car
108	2	0.155	15.35	Car
109	2	0.155	15.35	Car
110	2	0.155	15.35	Car
111	2	0.155	15.35	Car
112	2	0.155	15.35	Car
113	2	0.155	15.35	Car
114	2	0.155	15.35	Car
115	2	0.155	15.35	Car
116	2	0.155	15.35	Car
117	2	0.155	15.35	Car
118	2	0.155	15.35	Car
119	2	0.155	15.35	Car
120	2	0.155	15.35	Car
121	2	0.155	15.35	Car
122	2	0.155	15.35	Car
123	2	0.155	15.35	Car
124	2	0.155	15.35	Car
125	2	0.155	15.35	Car
126	2	0.155	15.35	Car
127	2	0.155	15.35	Car
128	2	0.155	15.35	Car
129	2	0.155	15.35	Car
130	2	0.155	15.35	Car
131	2	0.155	15.35	Car
132	2	0.155	15.35	Car
133	2	0.155	15.35	Car
134	2	0.155	15.35	Car
135	2	0.155	15.35	Car
136	2	0.155	15.35	Car
137	2	0.155	15.35	Car
138	2	0.155	15.35	Car
139	2	0.155	15.35	Car
140	2	0.155	15.35	Car
141	2	0.425	15.35	Car
142	2	0.705	15.35	Car
143	2	0.88	15.35	Car
144	2	1.08	15.35	Car
145	2	1.275	15.37	Car
146	2	1.475	15.37	Car
147	2	1.66	15.31	Car
148	2	1.84	15.24	Car
149	2	2.05	15.24	Car
150	2	2.26	15.28	Car
151	2	2.48	15.31	Car
152	2	2.71	15.31	Car
153	2	2.77	15.31	Car
154	2	2.81	15.31	Car
155	2	2.84	15.31	Car
156	2	2.87	15.31	Car
157	2	2.91	15.31	Car
158	2	2.94	15.31	Car
159	2	2.91	15.31	Car
160	2	2.86	15.39	Car
161	2	2.81	15.42	Car
162	2	2.76	15.46	Car
163	2	2.71	15.5	Car
164	2	2.64	15.53	Car
165	2	2.59	15.57	Car
166	2	2.54	15.61	Car
167	2	2.49	15.64	Car
168	2	2.43	15.68	Car
169	2	2.4	15.72	Car
100	5	1.1	16.745	Car
101	5	1.08	16.745	Car
102	5	1.08	16.745	Car
103	5	1.08	16.745	Car
104	5	1.08	16.745	Car
105	5	1.065	16.745	Car
106	5	1.065	16.745	Car
107	5	1.065	16.745	Car
108	5	1.065	16.745	Car
109	5	1.065	16.76	Car
110	5	1.05	16.76	Car
111	5	1.05	16.76	Car
112	5	1.05	16.76	Car
113	5	1.05	16.76	Car
114	5	1.03	16.76	Car
115	5	1.03	16.76	Car
116	5	1.03	16.76	Car
117	5	1.03	16.76	Car
118	5	1.03	16.8	Car
119	5	1.015	16.8	Car
120	5	1.015	16.8	Car
121	5	1.015	16.8	Car
122	5	1.015	16.8	Car
123	5	1.0	16.8	Car
124	5	1.0	16.8	Car
125	5	1.0	16.8	Car
126	5	1.0	16.8	Car
127	5	1.0	16.82	Car
128	5	0.98	16.82	Car
129	5	0.98	16.82	Car
130	5	0.98	16.82	Car
131	5	0.98	16.82	Car
132	5	0.965	16.82	Car
133	5	0.965	16.82	Car
134	5	0.965	16.82	Car
135	5	0.965	16.82	Car
136	5	0.965	16.85	Car
137	5	1.245	16.85	Car
138	5	1.525	16.87	Car
139	5	1.805	16.87	Car
140	5	2.085	16.89	Car
141	5	2.165	16.925	Car
142	5	2.265	17.0	Car
143	5	2.89	16.98	Car
144	5	3.53	17.0	Car
145	5	3.66	16.925	Car
146	5	3.795	16.89	Car
147	5	3.695	16.89	Car
148	5	3.61	16.89	Car
149	5	3.975	16.78	Car
150	5	4.45	16.635	Car
151	5	4.75	16.635	Car
152	5	4.995	16.635	Car
153	5	5.06	16.595	Car
154	5	5.075	16.595	Car
155	5	5.11	16.595	Car
156	5	5.125	16.56	Car
157	5	5.16	16.56	Car
158	5	5.175	16.56	Car
159	5	5.175	16.595	Car
160	5	5.14	16.635	Car
161	5	5.125	16.67	Car
162	5	5.11	16.745	Car
163	5	5.09	16.78	Car
164	5	5.06	16.815	Car
165	5	5.045	16.89	Car
166	5	5.03	16.925	Car
167	5	4.93	16.965	Car
168	5	4.815	16.965	Car
169	5	4.78	16.965	Car
100	6	0.465	16.87	Car
101	6	0.445	16.87	Car
102	6	0.445	16.87	Car
103	6	0.445	16.87	Car
104	6	0.435	16.87	Car
105	6	0.435	16.87	Car
106	6	0.435	16.87	Car
107	6	0.435	16.87	Car
108	6	0.415	16.87	Car
109	6	0.415	16.87	Car
110	6	0.415	16.87	Car
111	6	0.395	16.87	Car
112	6	0.395	16.87	Car
113	6	0.395	16.87	Car
114	6	0.395	16.87	Car
115	6	0.385	16.87	Car
116	6	0.385	16.87	Car
117	6	0.385	16.87	Car
118	6	0.385	16.87	Car
119	6	0.365	16.87	Car
120	6	0.365	16.87	Car
121	6	0.365	16.87	Car
122	6	0.345	16.87	Car
123	6	0.345	16.87	Car
124	6	0.345	16.87	Car
125	6	0.345	16.87	Car
126	6	0.335	16.87	Car
127	6	0.335	16.87	Car
128	6	0.335	16.87	Car
129	6	0.315	16.87	Car
130	6	0.315	16.87	Car
131	6	0.315	16.87	Car
132	6	0.315	16.87	Car
133	6	0.295	16.87	Car
134	6	0.295	16.87	Car
135	6	0.295	16.87	Car
136	6	0.295	16.91	Car
137	6	0.565	16.93	Car
138	6	0.825	16.945	Car
139	6	1.085	16.965	Car
140	6	1.365	17.0	Car
141	6	1.535	17.015	Car
142	6	1.695	17.075	Car
143	6	2.255	17.075	Car
144	6	2.835	17.075	Car
145	6	3.015	17.035	Car
146	6	3.195	17.0	Car
147	6	3.095	17.0	Car
148	6	3.015	17.0	Car
149	6	3.355	16.925	Car
150	6	3.815	16.89	Car
151	6	4.115	16.815	Car
152	6	4.365	16.745	Car
153	6	4.445	16.745	Car
154	6	4.475	16.745	Car
155	6	4.505	16.745	Car
156	6	4.545	16.745	Car
157	6	4.575	16.745	Car
158	6	4.605	16.745	Car
159	6	4.595	16.76	Car
160	6	4.555	16.815	Car
161	6	4.525	16.855	Car
162	6	4.495	16.91	Car
163	6	4.455	16.945	Car
164	6	4.425	16.98	Car
165	6	4.395	17.04	Car
166	6	4.365	17.07	Car
167	6	4.295	17.09	Car
168	6	4.225	17.09	Car
169	6	4.195	17.11	Car
100	7	0.09	16.835	Car
101	7	0.08	16.835	Car
102	7	0.08	16.835	Car
103	7	0.08	16.835	Car
104	7	0.08	16.835	Car
105	7	0.08	16.835	Car
106	7	0.08	16.855	Car
107	7	0.08	16.855	Car
108	7	0.07	16.87	Car
109	7	0.07	16.87	Car
110	7	0.07	16.87	Car
111	7	0.07	16.87	Car
112	7	0.07	16.89	Car
113	7	0.07	16.89	Car
114	7	0.07	16.89	Car
115	7	0.065	16.91	Car
116	7	0.065	16.91	Car
117	7	0.065	16.91	Car
118	7	0.065	16.925	Car
119	7	0.065	16.925	Car
120	7	0.065	16.925	Car
121	7	0.065	16.925	Car
122	7	0.055	16.945	Car
123	7	0.055	16.945	Car
124	7	0.055	16.965	Car
125	7	0.055	16.965	Car
126	7	0.055	16.965	Car
127	7	0.055	16.965	Car
128	7	0.055	16.965	Car
129	7	0.045	16.98	Car
130	7	0.045	17.0	Car
131	7	0.045	17.0	Car
132	7	0.045	17.0	Car
133	7	0.045	17.0	Car
134	7	0.045	17.0	Car
135	7	0.045	17.0	Car
136	7	0.045	17.035	Car
137	7	0.225	17.035	Car
138	7	0.425	17.055	Car
139	7	0.62	17.07	Car
140	7	0.82	17.11	Car
141	7	0.98	17.125	Car
142	7	1.15	17.145	Car
143	7	1.74	17.11	Car
144	7	2.33	17.11	Car
145	7	2.48	17.035	Car
146	7	2.64	17.0	Car
147	7	2.84	17.0	Car
148	7	3.04	17.0	Car
149	7	3.235	17.0	Car
150	7	3.43	17.0	Car
151	7	3.645	16.89	Car
152	7	3.86	16.78	Car
153	7	3.925	16.78	Car
154	7	3.96	16.78	Car
155	7	3.99	16.78	Car
156	7	4.02	16.78	Car
157	7	4.06	16.78	Car
158	7	4.09	16.78	Car
159	7	4.06	16.815	Car
160	7	4.02	16.89	Car
161	7	3.975	16.925	Car
162	7	3.94	16.965	Car
163	7	3.89	17.0	Car
164	7	3.84	17.035	Car
165	7	3.81	17.075	Car
166	7	3.76	17.11	Car
167	7	3.71	17.145	Car
168	7	3.645	17.165	Car
169	7	3.61	17.18	Car
100	8	1.195	17.125	Car
101	8	1.18	17.11	Car
102	8	1.18	17.11	Car
103	8	1.18	17.11	Car
104	8	1.18	17.11	Car
105	8	1.18	17.11	Car
106	8	1.18	17.11	Car
107	8	1.18	17.11	Car
108	8	1.18	17.09	Car
109	8	1.18	17.09	Car
110	8	1.18	17.09	Car
111	8	1.18	17.09	Car
112	8	1.18	17.09	Car
113	8	1.18	17.09	Car
114	8	1.18	17.09	Car
115	8	1.17	17.09	Car
116	8	1.17	17.09	Car
117	8	1.17	17.09	Car
118	8	1.17	17.09	Car
119	8	1.17	17.09	Car
120	8	1.17	17.09	Car
121	8	1.17	17.09	Car
122	8	1.17	17.09	Car
123	8	1.165	17.075	Car
124	8	1.165	17.075	Car
125	8	1.165	17.075	Car
126	8	1.165	17.075	Car
127	8	1.165	17.075	Car
128	8	1.165	17.075	Car
129	8	1.165	17.075	Car
130	8	1.155	17.075	Car
131	8	1.155	17.075	Car
132	8	1.155	17.075	Car
133	8	1.155	17.075	Car
134	8	1.155	17.075	Car
135	8	1.155	17.075	Car
136	8	1.155	17.075	Car
137	8	1.155	17.055	Car
138	8	1.155	17.055	Car
139	8	1.155	17.055	Car
140	8	1.155	17.055	Car
141	8	1.155	17.055	Car
142	8	1.155	17.055	Car
143	8	1.155	17.055	Car
144	8	1.155	17.07	Car
145	8	1.35	17.07	Car
146	8	1.56	17.07	Car
147	8	1.56	17.07	Car
148	8	1.56	17.07	Car
149	8	1.9	17.0	Car
150	8	2.35	16.93	Car
151	8	2.63	16.89	Car
152	8	2.87	16.89	Car
153	8	2.955	16.85	Car
154	8	3.0	16.85	Car
155	8	3.05	16.85	Car
156	8	3.1	16.82	Car
157	8	3.15	16.82	Car
158	8	3.2	16.82	Car
159	8	3.17	16.835	Car
160	8	3.14	16.87	Car
161	8	3.09	16.91	Car
162	8	3.04	16.945	Car
163	8	2.99	17.0	Car
164	8	2.955	17.035	Car
165	8	2.91	17.075	Car
166	8	2.86	17.11	Car
167	8	2.76	17.145	Car
168	8	2.63	17.165	Car
169	8	2.58	17.18	Car
100	9	0.53	17.11	Car
101	9	0.52	17.095	Car
102	9	0.52	17.095	Car
103	9	0.52	17.095	Car
104	9	0.52	17.095	Car
105	9	0.52	17.095	Car
106	9	0.52	17.075	Car
107	9	0.52	17.075	Car
108	9	0.52	17.075	Car
109	9	0.52	17.075	Car
110	9	0.52	17.075	Car
111	9	0.52	17.055	Car
112	9	0.52	17.055	Car
113	9	0.52	17.055	Car
114	9	0.52	17.055	Car
115	9	0.52	17.055	Car
116	9	0.52	17.04	Car
117	9	0.52	17.04	Car
118	9	0.52	17.04	Car
119	9	0.52	17.04	Car
120	9	0.52	17.04	Car
121	9	0.52	17.04	Car
122	9	0.52	17.02	Car
123	9	0.52	17.02	Car
124	9	0.52	17.02	Car
125	9	0.52	17.02	Car
126	9	0.52	17.02	Car
127	9	0.52	17.0	Car
128	9	0.52	17.0	Car
129	9	0.52	17.0	Car
130	9	0.52	17.0	Car
131	9	0.52	17.0	Car
132	9	0.52	16.985	Car
133	9	0.52	16.985	Car
134	9	0.52	16.985	Car
135	9	0.52	16.985	Car
136	9	0.52	16.985	Car
137	9	0.52	16.965	Car
138	9	0.52	16.965	Car
139	9	0.52	16.965	Car
140	9	0.52	16.965	Car
141	9	0.52	16.965	Car
142	9	0.52	16.98	Car
143	9	1.15	17.015	Car
144	9	1.79	17.075	Car
145	9	1.97	17.07	Car
146	9	2.15	17.11	Car
147	9	2.1	17.035	Car
148	9	2.05	17.0	Car
149	9	2.41	16.965	Car
150	9	2.86	16.965	Car
151	9	3.17	16.89	Car
152	9	3.43	16.815	Car
153	9	3.53	16.815	Car
154	9	3.56	16.815	Car
155	9	3.61	16.815	Car
156	9	3.66	16.815	Car
157	9	3.695	16.815	Car
158	9	3.745	16.815	Car
159	9	3.695	16.815	Car
160	9	3.645	16.89	Car
161	9	3.58	16.925	Car
162	9	3.515	16.965	Car
163	9	3.45	17.0	Car
164	9	3.38	17.035	Car
165	9	3.32	17.075	Car
166	9	3.25	17.11	Car
167	9	3.2	17.165	Car
168	9	3.15	17.2	Car
169	9	3.12	17.2	Car
100	10	7.97	9.12	Pedestrian
101	10	8.02	9.12	Pedestrian
102	10	8.09	9.12	Pedestrian
103	10	8.15	9.12	Pedestrian
104	10	8.22	9.12	Pedestrian
105	10	8.27	9.12	Pedestrian
106	10	8.33	9.12	Pedestrian
107	10	8.4	9.12	Pedestrian
108	10	8.46	9.12	Pedestrian
109	10	8.51	9.12	Pedestrian
110	10	8.56	9.12	Pedestrian
111	10	8.63	9.12	Pedestrian
112	10	8.68	9.12	Pedestrian
113	10	8.73	9.12	Pedestrian
114	10	8.79	9.12	Pedestrian
115	10	8.84	9.12	Pedestrian
116	10	8.89	9.08	Pedestrian
117	10	8.96	9.08	Pedestrian
118	10	9.04	9.08	Pedestrian
119	10	9.11	9.08	Pedestrian
120	10	9.17	9.05	Pedestrian
121	10	9.24	9.05	Pedestrian
122	10	9.3	9.05	Pedestrian
123	10	9.37	9.01	Pedestrian
124	10	9.43	9.01	Pedestrian
125	10	9.5	9.01	Pedestrian
126	10	9.57	9.01	Pedestrian
127	10	9.63	9.01	Pedestrian
128	10	9.68	9.05	Pedestrian
129	10	9.73	9.05	Pedestrian
130	10	9.8	9.08	Pedestrian
131	10	9.85	9.08	Pedestrian
132	10	9.89	9.12	Pedestrian
133	10	9.94	9.12	Pedestrian
134	10	9.99	9.16	Pedestrian
135	10	10.04	9.16	Pedestrian
136	10	10.09	9.19	Pedestrian
137	10	10.14	9.23	Pedestrian
138	10	10.32	9.23	Pedestrian
139	10	10.5	9.23	Pedestrian
140	10	10.7	9.23	Pedestrian
141	10	10.93	9.3	Pedestrian
142	10	11.11	9.34	Pedestrian
143	10	11.23	9.38	Pedestrian
144	10	11.33	9.41	Pedestrian
145	10	11.42	9.45	Pedestrian
146	10	11.47	9.45	Pedestrian
147	10	11.51	9.41	Pedestrian
148	10	11.56	9.45	Pedestrian
149	10	11.595	9.56	Pedestrian
150	10	11.595	9.56	Pedestrian
151	10	11.595	9.56	Pedestrian
152	10	11.595	9.56	Pedestrian
153	10	11.595	9.56	Pedestrian
154	10	11.595	9.56	Pedestrian
155	10	11.595	9.56	Pedestrian
156	10	11.595	9.56	Pedestrian
157	10	11.595	9.56	Pedestrian
158	10	11.595	9.56	Pedestrian
159	10	11.595	9.56	Pedestrian
160	10	11.595	9.56	Pedestrian
161	10	11.595	9.56	Pedestrian
162	10	11.595	9.56	Pedestrian
163	10	11.595	9.56	Pedestrian
164	10	11.595	9.56	Pedestrian
165	10	11.595	9.56	Pedestrian
166	10	11.595	9.56	Pedestrian
167	10	11.595	9.56	Pedestrian
168	10	11.595	9.56	Pedestrian
169	10	11.595	9.56	Pedestrian
100	11	4.69	8.79	Pedestrian
101	11	4.625	8.79	Pedestrian
102	11	4.575	8.79	Pedestrian
103	11	4.525	8.79	Pedestrian
104	11	4.475	8.79	Pedestrian
105	11	4.43	8.79	Pedestrian
106	11	4.38	8.79	Pedestrian
107	11	4.33	8.79	Pedestrian
108	11	4.28	8.79	Pedestrian
109	11	4.23	8.79	Pedestrian
110	11	4.18	8.79	Pedestrian
111	11	4.13	8.79	Pedestrian
112	11	4.08	8.79	Pedestrian
113	11	4.015	8.79	Pedestrian
114	11	3.965	8.79	Pedestrian
115	11	3.92	8.79	Pedestrian
116	11	3.87	8.79	Pedestrian
117	11	3.82	8.79	Pedestrian
118	11	3.77	8.79	Pedestrian
119	11	3.72	8.79	Pedestrian
120	11	3.67	8.79	Pedestrian
121	11	3.62	8.79	Pedestrian
122	11	3.555	8.79	Pedestrian
123	11	3.505	8.79	Pedestrian
124	11	3.46	8.79	Pedestrian
125	11	3.39	8.825	Pedestrian
126	11	3.34	8.825	Pedestrian
127	11	3.29	8.825	Pedestrian
128	11	3.225	8.825	Pedestrian
129	11	3.18	8.825	Pedestrian
130	11	3.13	8.865	Pedestrian
131	11	3.06	8.865	Pedestrian
132	11	3.01	8.865	Pedestrian
133	11	2.96	8.865	Pedestrian
134	11	2.9	8.865	Pedestrian
135	11	2.8	8.9	Pedestrian
136	11	2.67	8.9	Pedestrian
137	11	2.55	8.9	Pedestrian
138	11	2.535	8.975	Pedestrian
139	11	2.55	9.01	Pedestrian
140	11	2.57	9.045	Pedestrian
141	11	2.73	9.23	Pedestrian
142	11	2.88	9.375	Pedestrian
143	11	2.9	9.375	Pedestrian
144	11	2.915	9.375	Pedestrian
145	11	2.93	9.375	Pedestrian
146	11	2.95	9.375	Pedestrian
147	11	2.98	9.375	Pedestrian
148	11	3.0	9.375	Pedestrian
149	11	3.04	9.415	Pedestrian
150	11	3.06	9.415	Pedestrian
151	11	3.09	9.415	Pedestrian
152	11	3.07	9.45	Pedestrian
153	11	3.05	9.45	Pedestrian
154	11	3.04	9.45	Pedestrian
155	11	3.0	9.45	Pedestrian
156	11	2.99	9.45	Pedestrian
157	11	2.955	9.45	Pedestrian
158	11	2.94	9.45	Pedestrian
159	11	2.92	9.45	Pedestrian
160	11	2.84	9.45	Pedestrian
161	11	2.77	9.45	Pedestrian
162	11	2.71	9.485	Pedestrian
163	11	2.63	9.485	Pedestrian
164	11	2.53	9.525	Pedestrian
165	11	2.4	9.525	Pedestrian
166	11	2.26	9.525	Pedestrian
167	11	2.13	9.525	Pedestrian
168	11	2.0	9.525	Pedestrian
169	11	1.92	9.56	Pedestrian
100	12	2.685	9.25	Pedestrian
101	12	2.615	9.25	Pedestrian
102	12	2.555	9.25	Pedestrian
103	12	2.505	9.25	Pedestrian
104	12	2.435	9.25	Pedestrian
105	12	2.385	9.25	Pedestrian
106	12	2.325	9.25	Pedestrian
107	12	2.275	9.285	Pedestrian
108	12	2.205	9.285	Pedestrian
109	12	2.145	9.285	Pedestrian
110	12	2.095	9.285	Pedestrian
111	12	2.025	9.285	Pedestrian
112	12	1.975	9.285	Pedestrian
113	12	1.915	9.285	Pedestrian
114	12	1.845	9.285	Pedestrian
115	12	1.78	9.25	Pedestrian
116	12	1.715	9.25	Pedestrian
117	12	1.645	9.21	Pedestrian
118	12	1.585	9.21	Pedestrian
119	12	1.515	9.175	Pedestrian
120	12	1.45	9.14	Pedestrian
121	12	1.385	9.14	Pedestrian
122	12	1.315	9.14	Pedestrian
123	12	1.235	9.14	Pedestrian
124	12	1.155	9.175	Pedestrian
125	12	1.075	9.175	Pedestrian
126	12	0.99	9.21	Pedestrian
127	12	0.905	9.21	Pedestrian
128	12	0.825	9.25	Pedestrian
129	12	0.745	9.25	Pedestrian
130	12	0.675	9.285	Pedestrian
131	12	0.615	9.285	Pedestrian
132	12	0.545	9.285	Pedestrian
133	12	0.48	9.285	Pedestrian
134	12	0.415	9.285	Pedestrian
135	12	0.35	9.285	Pedestrian
136	12	0.28	9.285	Pedestrian
137	12	0.25	9.285	Pedestrian
138	12	0.245	9.395	Pedestrian
139	12	0.245	9.47	Pedestrian
140	12	0.275	9.54	Pedestrian
141	12	0.305	9.615	Pedestrian
142	12	0.355	9.725	Pedestrian
143	12	0.39	9.8	Pedestrian
144	12	0.425	9.87	Pedestrian
145	12	0.415	9.91	Pedestrian
146	12	0.39	9.91	Pedestrian
147	12	0.365	9.91	Pedestrian
148	12	0.35	9.91	Pedestrian
149	12	0.32	9.91	Pedestrian
150	12	0.31	9.945	Pedestrian
151	12	0.28	9.945	Pedestrian
152	12	0.265	9.945	Pedestrian
153	12	0.245	9.945	Pedestrian
154	12	0.22	9.945	Pedestrian
155	12	0.21	9.98	Pedestrian
156	12	0.21	9.98	Pedestrian
157	12	0.21	9.98	Pedestrian
158	12	0.21	10.02	Pedestrian
159	12	0.21	10.02	Pedestrian
160	12	0.21	10.055	Pedestrian
161	12	0.21	10.055	Pedestrian
162	12	0.21	10.09	Pedestrian
163	12	0.21	10.09	Pedestrian
164	12	0.21	10.13	Pedestrian
165	12	0.21	10.13	Pedestrian
166	12	0.21	10.13	Pedestrian
167	12	0.21	10.13	Pedestrian
168	12	0.21	10.13	Pedestrian
169	12	0.21	10.13	Pedestrian
100	13	0.18	9.085	Pedestrian
101	13	0.17	9.085	Pedestrian
102	13	0.16	9.085	Pedestrian
103	13	0.155	9.085	Pedestrian
104	13	0.155	9.12	Pedestrian
105	13	0.145	9.12	Pedestrian
106	13	0.145	9.12	Pedestrian
107	13	0.145	9.155	Pedestrian
108	13	0.145	9.155	Pedestrian
109	13	0.145	9.155	Pedestrian
110	13	0.145	9.155	Pedestrian
111	13	0.145	9.195	Pedestrian
112	13	0.145	9.195	Pedestrian
113	13	0.145	9.195	Pedestrian
114	13	0.145	9.195	Pedestrian
115	13	0.145	9.195	Pedestrian
116	13	0.145	9.195	Pedestrian
117	13	0.145	9.195	Pedestrian
118	13	0.145	9.195	Pedestrian
119	13	0.145	9.195	Pedestrian
120	13	0.145	9.195	Pedestrian
121	13	0.145	9.195	Pedestrian
122	13	0.145	9.195	Pedestrian
123	13	0.145	9.195	Pedestrian
124	13	0.145	9.195	Pedestrian
125	13	0.145	9.195	Pedestrian
126	13	0.145	9.195	Pedestrian
127	13	0.145	9.195	Pedestrian
128	13	0.145	9.195	Pedestrian
129	13	0.145	9.195	Pedestrian
130	13	0.145	9.195	Pedestrian
131	13	0.145	9.195	Pedestrian
132	13	0.145	9.195	Pedestrian
133	13	0.145	9.195	Pedestrian
134	13	0.145	9.195	Pedestrian
135	13	0.145	9.195	Pedestrian
136	13	0.145	9.195	Pedestrian
137	13	0.145	9.195	Pedestrian
138	13	0.145	9.195	Pedestrian
139	13	0.145	9.195	Pedestrian
140	13	0.145	9.195	Pedestrian
141	13	0.145	9.195	Pedestrian
142	13	0.145	9.195	Pedestrian
143	13	0.145	9.195	Pedestrian
144	13	0.145	9.195	Pedestrian
145	13	0.145	9.195	Pedestrian
146	13	0.145	9.195	Pedestrian
147	13	0.145	9.195	Pedestrian
148	13	0.145	9.195	Pedestrian
149	13	0.145	9.195	Pedestrian
150	13	0.145	9.195	Pedestrian
151	13	0.145	9.195	Pedestrian
152	13	0.145	9.195	Pedestrian
153	13	0.145	9.195	Pedestrian
154	13	0.145	9.195	Pedestrian
155	13	0.145	9.195	Pedestrian
156	13	0.145	9.195	Pedestrian
157	13	0.145	9.195	Pedestrian
158	13	0.145	9.195	Pedestrian
159	13	0.145	9.195	Pedestrian
160	13	0.145	9.195	Pedestrian
161	13	0.145	9.195	Pedestrian
162	13	0.145	9.195	Pedestrian
163	13	0.145	9.195	Pedestrian
164	13	0.145	9.195	Pedestrian
165	13	0.145	9.195	Pedestrian
166	13	0.145	9.195	Pedestrian
167	13	0.145	9.195	Pedestrian
168	13	0.145	9.195	Pedestrian
169	13	0.145	9.195	Pedestrian
100	14	8.855	7.615	Pedestrian
101	14	8.855	7.615	Pedestrian
102	14	8.855	7.615	Pedestrian
103	14	8.855	7.615	Pedestrian
104	14	8.875	7.655	Pedestrian
105	14	8.875	7.69	Pedestrian
106	14	8.875	7.725	Pedestrian
107	14	8.875	7.765	Pedestrian
108	14	8.875	7.8	Pedestrian
109	14	8.875	7.835	Pedestrian
110	14	8.875	7.91	Pedestrian
111	14	8.875	7.945	Pedestrian
112	14	8.875	7.985	Pedestrian
113	14	8.875	8.02	Pedestrian
114	14	8.875	8.055	Pedestrian
115	14	8.875	8.095	Pedestrian
116	14	8.875	8.13	Pedestrian
117	14	8.875	8.165	Pedestrian
118	14	8.875	8.205	Pedestrian
119	14	8.895	8.275	Pedestrian
120	14	8.905	8.315	Pedestrian
121	14	8.925	8.35	Pedestrian
122	14	8.955	8.385	Pedestrian
123	14	8.975	8.425	Pedestrian
124	14	8.99	8.495	Pedestrian
125	14	9.005	8.535	Pedestrian
126	14	9.025	8.57	Pedestrian
127	14	9.04	8.605	Pedestrian
128	14	9.055	8.645	Pedestrian
129	14	9.075	8.68	Pedestrian
130	14	9.09	8.755	Pedestrian
131	14	9.105	8.79	Pedestrian
132	14	9.155	8.825	Pedestrian
133	14	9.235	8.865	Pedestrian
134	14	9.32	8.935	Pedestrian
135	14	9.405	8.975	Pedestrian
136	14	9.5	9.045	Pedestrian
137	14	9.585	9.085	Pedestrian
138	14	9.665	9.12	Pedestrian
139	14	9.745	9.195	Pedestrian
140	14	9.83	9.23	Pedestrian
141	14	9.945	9.265	Pedestrian
142	14	10.075	9.265	Pedestrian
143	14	10.205	9.305	Pedestrian
144	14	10.335	9.34	Pedestrian
145	14	10.47	9.34	Pedestrian
146	14	10.605	9.375	Pedestrian
147	14	10.735	9.375	Pedestrian
148	14	10.845	9.415	Pedestrian
149	14	10.965	9.415	Pedestrian
150	14	11.075	9.415	Pedestrian
151	14	11.175	9.45	Pedestrian
152	14	11.295	9.45	Pedestrian
153	14	11.39	9.45	Pedestrian
154	14	11.49	9.485	Pedestrian
155	14	11.49	9.485	Pedestrian
156	14	11.505	9.485	Pedestrian
157	14	11.525	9.485	Pedestrian
158	14	11.54	9.485	Pedestrian
159	14	11.54	9.485	Pedestrian
160	14	11.565	9.485	Pedestrian
161	14	11.59	9.485	Pedestrian
162	14	11.6	9.485	Pedestrian
163	14	11.62	9.485	Pedestrian
164	14	11.645	9.485	Pedestrian
165	14	11.645	9.485	Pedestrian
166	14	11.645	9.485	Pedestrian
167	14	11.645	9.485	Pedestrian
168	14	11.645	9.485	Pedestrian
169	14	11.645	9.485	Pedestrian
100	15	5.935	7.545	Pedestrian
101	15	5.965	7.545	Pedestrian
102	15	6.015	7.545	Pedestrian
103	15	6.065	7.545	Pedestrian
104	15	6.115	7.545	Pedestrian
105	15	6.165	7.545	Pedestrian
106	15	6.21	7.545	Pedestrian
107	15	6.26	7.545	Pedestrian
108	15	6.31	7.545	Pedestrian
109	15	6.375	7.545	Pedestrian
110	15	6.425	7.545	Pedestrian
111	15	6.49	7.545	Pedestrian
112	15	6.555	7.545	Pedestrian
113	15	6.625	7.58	Pedestrian
114	15	6.685	7.58	Pedestrian
115	15	6.755	7.58	Pedestrian
116	15	6.82	7.58	Pedestrian
117	15	6.885	7.615	Pedestrian
118	15	6.935	7.58	Pedestrian
119	15	7.0	7.545	Pedestrian
120	15	7.05	7.545	Pedestrian
121	15	7.115	7.505	Pedestrian
122	15	7.165	7.505	Pedestrian
123	15	7.23	7.47	Pedestrian
124	15	7.28	7.47	Pedestrian
125	15	7.345	7.435	Pedestrian
126	15	7.395	7.435	Pedestrian
127	15	7.425	7.435	Pedestrian
128	15	7.46	7.435	Pedestrian
129	15	7.495	7.435	Pedestrian
130	15	7.545	7.435	Pedestrian
131	15	7.575	7.435	Pedestrian
132	15	7.61	7.435	Pedestrian
133	15	7.645	7.435	Pedestrian
134	15	7.655	7.47	Pedestrian
135	15	7.675	7.47	Pedestrian
136	15	7.705	7.47	Pedestrian
137	15	7.74	7.47	Pedestrian
138	15	7.79	7.505	Pedestrian
139	15	7.84	7.545	Pedestrian
140	15	7.885	7.58	Pedestrian
141	15	7.935	7.615	Pedestrian
142	15	8.005	7.655	Pedestrian
143	15	8.07	7.69	Pedestrian
144	15	8.135	7.725	Pedestrian
145	15	8.185	7.765	Pedestrian
146	15	8.25	7.8	Pedestrian
147	15	8.285	7.835	Pedestrian
148	15	8.285	7.835	Pedestrian
149	15	8.285	7.835	Pedestrian
150	15	8.285	7.835	Pedestrian
151	15	8.285	7.835	Pedestrian
152	15	8.285	7.835	Pedestrian
153	15	8.285	7.835	Pedestrian
154	15	8.285	7.835	Pedestrian
155	15	8.285	7.835	Pedestrian
156	15	8.285	7.835	Pedestrian
157	15	8.285	7.835	Pedestrian
158	15	8.285	7.835	Pedestrian
159	15	8.285	7.835	Pedestrian
160	15	8.285	7.835	Pedestrian
161	15	8.285	7.835	Pedestrian
162	15	8.285	7.835	Pedestrian
163	15	8.285	7.835	Pedestrian
164	15	8.285	7.835	Pedestrian
165	15	8.285	7.835	Pedestrian
166	15	8.285	7.835	Pedestrian
167	15	8.285	7.835	Pedestrian
168	15	8.285	7.835	Pedestrian
169	15	8.285	7.835	Pedestrian
100	16	7.035	5.4	Pedestrian
101	16	7.0	5.4	Pedestrian
102	16	6.965	5.4	Pedestrian
103	16	6.935	5.4	Pedestrian
104	16	6.9	5.4	Pedestrian
105	16	6.88	5.4	Pedestrian
106	16	6.855	5.4	Pedestrian
107	16	6.82	5.4	Pedestrian
108	16	6.785	5.4	Pedestrian
109	16	6.76	5.4	Pedestrian
110	16	6.73	5.4	Pedestrian
111	16	6.705	5.4	Pedestrian
112	16	6.67	5.4	Pedestrian
113	16	6.65	5.4	Pedestrian
114	16	6.61	5.4	Pedestrian
115	16	6.58	5.4	Pedestrian
116	16	6.55	5.4	Pedestrian
117	16	6.515	5.365	Pedestrian
118	16	6.48	5.365	Pedestrian
119	16	6.45	5.33	Pedestrian
120	16	6.4	5.29	Pedestrian
121	16	6.37	5.255	Pedestrian
122	16	6.335	5.255	Pedestrian
123	16	6.3	5.22	Pedestrian
124	16	6.25	5.18	Pedestrian
125	16	6.22	5.145	Pedestrian
126	16	6.19	5.145	Pedestrian
127	16	6.17	5.07	Pedestrian
128	16	6.15	5.035	Pedestrian
129	16	6.14	5.0	Pedestrian
130	16	6.12	4.925	Pedestrian
131	16	6.105	4.89	Pedestrian
132	16	6.07	4.85	Pedestrian
133	16	6.055	4.78	Pedestrian
134	16	6.04	4.74	Pedestrian
135	16	6.02	4.705	Pedestrian
136	16	6.005	4.63	Pedestrian
137	16	5.97	4.56	Pedestrian
138	16	5.96	4.485	Pedestrian
139	16	5.92	4.41	Pedestrian
140	16	5.89	4.34	Pedestrian
141	16	5.86	4.3	Pedestrian
142	16	5.86	4.3	Pedestrian
143	16	5.84	4.34	Pedestrian
144	16	5.825	4.375	Pedestrian
145	16	5.81	4.41	Pedestrian
146	16	5.81	4.41	Pedestrian
147	16	5.79	4.45	Pedestrian
148	16	5.775	4.45	Pedestrian
149	16	5.775	4.41	Pedestrian
150	16	5.76	4.34	Pedestrian
151	16	5.76	4.3	Pedestrian
152	16	5.74	4.23	Pedestrian
153	16	5.74	4.19	Pedestrian
154	16	5.74	4.155	Pedestrian
155	16	5.71	4.12	Pedestrian
156	16	5.68	4.08	Pedestrian
157	16	5.64	4.08	Pedestrian
158	16	5.61	4.045	Pedestrian
159	16	5.58	4.01	Pedestrian
160	16	5.56	4.01	Pedestrian
161	16	5.53	3.97	Pedestrian
162	16	5.53	3.935	Pedestrian
163	16	5.53	3.86	Pedestrian
164	16	5.51	3.825	Pedestrian
165	16	5.51	3.75	Pedestrian
166	16	5.51	3.715	Pedestrian
167	16	5.51	3.68	Pedestrian
168	16	5.46	3.64	Pedestrian
169	16	5.41	3.605	Pedestrian
100	17	7.7	6.115	Pedestrian
101	17	7.7	6.115	Pedestrian
102	17	7.7	6.115	Pedestrian
103	17	7.7	6.115	Pedestrian
104	17	7.7	6.115	Pedestrian
105	17	7.7	6.115	Pedestrian
106	17	7.7	6.115	Pedestrian
107	17	7.7	6.115	Pedestrian
108	17	7.715	6.115	Pedestrian
109	17	7.715	6.115	Pedestrian
110	17	7.715	6.115	Pedestrian
111	17	7.715	6.115	Pedestrian
112	17	7.715	6.115	Pedestrian
113	17	7.715	6.115	Pedestrian
114	17	7.715	6.115	Pedestrian
115	17	7.715	6.115	Pedestrian
116	17	7.73	6.115	Pedestrian
117	17	7.73	6.115	Pedestrian
118	17	7.73	6.115	Pedestrian
119	17	7.73	6.115	Pedestrian
120	17	7.73	6.115	Pedestrian
121	17	7.73	6.115	Pedestrian
122	17	7.73	6.115	Pedestrian
123	17	7.73	6.115	Pedestrian
124	17	7.75	6.115	Pedestrian
125	17	7.75	6.115	Pedestrian
126	17	7.75	6.115	Pedestrian
127	17	7.75	6.115	Pedestrian
128	17	7.75	6.115	Pedestrian
129	17	7.75	6.115	Pedestrian
130	17	7.75	6.115	Pedestrian
131	17	7.75	6.115	Pedestrian
132	17	7.765	6.115	Pedestrian
133	17	7.765	6.115	Pedestrian
134	17	7.765	6.115	Pedestrian
135	17	7.765	6.115	Pedestrian
136	17	7.765	6.115	Pedestrian
137	17	7.765	6.115	Pedestrian
138	17	7.765	6.115	Pedestrian
139	17	7.765	6.115	Pedestrian
140	17	7.815	6.115	Pedestrian
141	17	7.86	6.115	Pedestrian
142	17	7.91	6.15	Pedestrian
143	17	7.91	6.15	Pedestrian
144	17	7.91	6.15	Pedestrian
145	17	7.91	6.15	Pedestrian
146	17	7.91	6.15	Pedestrian
147	17	7.91	6.15	Pedestrian
148	17	7.91	6.15	Pedestrian
149	17	7.91	6.15	Pedestrian
150	17	7.91	6.15	Pedestrian
151	17	7.91	6.15	Pedestrian
152	17	7.91	6.15	Pedestrian
153	17	7.91	6.15	Pedestrian
154	17	7.91	6.15	Pedestrian
155	17	7.91	6.15	Pedestrian
156	17	7.91	6.15	Pedestrian
157	17	7.91	6.15	Pedestrian
158	17	7.91	6.15	Pedestrian
159	17	7.91	6.15	Pedestrian
160	17	7.91	6.15	Pedestrian
161	17	7.91	6.15	Pedestrian
162	17	7.91	6.15	Pedestrian
163	17	7.91	6.15	Pedestrian
164	17	7.91	6.15	Pedestrian
165	17	7.91	6.15	Pedestrian
166	17	7.91	6.15	Pedestrian
167	17	7.91	6.15	Pedestrian
168	17	7.91	6.15	Pedestrian
169	17	7.91	6.15	Pedestrian
100	18	7.765	6.355	Pedestrian
101	18	7.765	6.315	Pedestrian
102	18	7.765	6.315	Pedestrian
103	18	7.765	6.315	Pedestrian
104	18	7.765	6.315	Pedestrian
105	18	7.765	6.315	Pedestrian
106	18	7.765	6.315	Pedestrian
107	18	7.765	6.275	Pedestrian
108	18	7.765	6.275	Pedestrian
109	18	7.765	6.275	Pedestrian
110	18	7.765	6.275	Pedestrian
111	18	7.765	6.275	Pedestrian
112	18	7.765	6.275	Pedestrian
113	18	7.765	6.275	Pedestrian
114	18	7.765	6.245	Pedestrian
115	18	7.765	6.245	Pedestrian
116	18	7.765	6.245	Pedestrian
117	18	7.765	6.245	Pedestrian
118	18	7.765	6.245	Pedestrian
119	18	7.765	6.245	Pedestrian
120	18	7.765	6.245	Pedestrian
121	18	7.765	6.205	Pedestrian
122	18	7.765	6.205	Pedestrian
123	18	7.765	6.205	Pedestrian
124	18	7.765	6.205	Pedestrian
125	18	7.765	6.205	Pedestrian
126	18	7.765	6.205	Pedestrian
127	18	7.765	6.205	Pedestrian
128	18	7.765	6.165	Pedestrian
129	18	7.765	6.165	Pedestrian
130	18	7.765	6.165	Pedestrian
131	18	7.765	6.165	Pedestrian
132	18	7.765	6.165	Pedestrian
133	18	7.765	6.165	Pedestrian
134	18	7.765	6.165	Pedestrian
135	18	7.765	6.165	Pedestrian
136	18	7.78	6.165	Pedestrian
137	18	7.815	6.165	Pedestrian
138	18	7.83	6.165	Pedestrian
139	18	7.845	6.165	Pedestrian
140	18	7.865	6.165	Pedestrian
141	18	7.88	6.165	Pedestrian
142	18	7.895	6.165	Pedestrian
143	18	7.895	6.165	Pedestrian
144	18	7.895	6.165	Pedestrian
145	18	7.895	6.165	Pedestrian
146	18	7.895	6.165	Pedestrian
147	18	7.895	6.165	Pedestrian
148	18	7.895	6.165	Pedestrian
149	18	7.895	6.165	Pedestrian
150	18	7.895	6.165	Pedestrian
151	18	7.895	6.165	Pedestrian
152	18	7.895	6.165	Pedestrian
153	18	7.895	6.165	Pedestrian
154	18	7.895	6.165	Pedestrian
155	18	7.895	6.165	Pedestrian
156	18	7.895	6.165	Pedestrian
157	18	7.895	6.165	Pedestrian
158	18	7.895	6.165	Pedestrian
159	18	7.895	6.165	Pedestrian
160	18	7.895	6.165	Pedestrian
161	18	7.895	6.165	Pedestrian
162	18	7.895	6.165	Pedestrian
163	18	7.895	6.165	Pedestrian
164	18	7.895	6.165	Pedestrian
165	18	7.895	6.165	Pedestrian
166	18	7.895	6.165	Pedestrian
167	18	7.895	6.165	Pedestrian
168	18	7.895	6.165	Pedestrian
169	18	7.895	6.165	Pedestrian
100	19	11.57	8.77	Biker
101	19	11.57	8.77	Biker
102	19	11.57	8.77	Biker
103	19	11.57	8.77	Biker
104	19	11.57	8.77	Biker
105	19	11.57	8.77	Biker
106	19	11.57	8.77	Biker
107	19	11.57	8.77	Biker
108	19	11.58	8.77	Biker
109	19	11.58	8.77	Biker
110	19	11.59	8.77	Biker
111	19	11.59	8.77	Biker
112	19	11.59	8.77	Biker
113	19	11.59	8.77	Biker
114	19	11.59	8.77	Biker
115	19	11.6	8.77	Biker
116	19	11.6	8.77	Biker
117	19	11.6	8.77	Biker
118	19	11.6	8.77	Biker
119	19	11.6	8.77	Biker
120	19	11.605	8.77	Biker
121	19	11.605	8.77	Biker
122	19	11.61	8.77	Biker
123	19	11.61	8.77	Biker
124	19	11.61	8.77	Biker
125	19	11.61	8.77	Biker
126	19	11.61	8.77	Biker
127	19	11.61	8.77	Biker
128	19	11.61	8.77	Biker
129	19	11.6	8.735	Biker
130	19	11.465	8.735	Biker
131	19	11.33	8.735	Biker
132	19	11.2	8.735	Biker
133	19	11.07	8.735	Biker
134	19	10.94	8.735	Biker
135	19	10.81	8.735	Biker
136	19	10.725	8.735	Biker
137	19	10.675	8.81	Biker
138	19	10.64	8.845	Biker
139	19	10.61	8.92	Biker
140	19	10.56	8.99	Biker
141	19	10.53	9.03	Biker
142	19	10.43	9.1	Biker
143	19	10.31	9.14	Biker
144	19	10.215	9.21	Biker
145	19	10.12	9.25	Biker
146	19	10.07	9.285	Biker
147	19	10.02	9.32	Biker
148	19	9.985	9.36	Biker
149	19	9.935	9.395	Biker
150	19	9.89	9.43	Biker
151	19	9.805	9.47	Biker
152	19	9.69	9.505	Biker
153	19	9.59	9.54	Biker
154	19	9.49	9.58	Biker
155	19	9.38	9.615	Biker
156	19	9.28	9.65	Biker
157	19	9.16	9.69	Biker
158	19	9.03	9.69	Biker
159	19	8.9	9.725	Biker
160	19	8.77	9.725	Biker
161	19	8.65	9.725	Biker
162	19	8.52	9.76	Biker
163	19	8.39	9.76	Biker
164	19	8.26	9.76	Biker
165	19	8.13	9.76	Biker
166	19	8.01	9.725	Biker
167	19	7.88	9.725	Biker
168	19	7.765	9.69	Biker
169	19	7.62	9.65	Biker
100	20	2.945	7.89	Pedestrian
101	20	2.865	7.855	Pedestrian
102	20	2.8	7.855	Pedestrian
103	20	2.735	7.855	Pedestrian
104	20	2.65	7.855	Pedestrian
105	20	2.585	7.855	Pedestrian
106	20	2.52	7.855	Pedestrian
107	20	2.445	7.855	Pedestrian
108	20	2.37	7.855	Pedestrian
109	20	2.305	7.855	Pedestrian
110	20	2.235	7.855	Pedestrian
111	20	2.165	7.855	Pedestrian
112	20	2.09	7.855	Pedestrian
113	20	2.025	7.855	Pedestrian
114	20	1.955	7.855	Pedestrian
115	20	1.885	7.855	Pedestrian
116	20	1.81	7.855	Pedestrian
117	20	1.735	7.855	Pedestrian
118	20	1.675	7.855	Pedestrian
119	20	1.605	7.855	Pedestrian
120	20	1.525	7.82	Pedestrian
121	20	1.455	7.82	Pedestrian
122	20	1.395	7.82	Pedestrian
123	20	1.315	7.82	Pedestrian
124	20	1.245	7.82	Pedestrian
125	20	1.18	7.82	Pedestrian
126	20	1.115	7.82	Pedestrian
127	20	1.035	7.82	Pedestrian
128	20	0.965	7.82	Pedestrian
129	20	0.9	7.82	Pedestrian
130	20	0.825	7.82	Pedestrian
131	20	0.76	7.82	Pedestrian
132	20	0.685	7.82	Pedestrian
133	20	0.615	7.82	Pedestrian
134	20	0.545	7.82	Pedestrian
135	20	0.48	7.82	Pedestrian
136	20	0.395	7.82	Pedestrian
137	20	0.335	7.82	Pedestrian
138	20	0.265	7.82	Pedestrian
139	20	0.205	7.82	Pedestrian
140	20	0.395	7.855	Pedestrian
141	20	0.615	7.89	Pedestrian
142	20	0.825	7.93	Pedestrian
143	20	1.055	7.965	Pedestrian
144	20	1.27	8.0	Pedestrian
145	20	1.485	8.04	Pedestrian
146	20	1.715	8.075	Pedestrian
147	20	1.925	8.11	Pedestrian
148	20	2.145	8.11	Pedestrian
149	20	2.375	8.11	Pedestrian
150	20	2.585	8.075	Pedestrian
151	20	2.815	8.075	Pedestrian
152	20	3.025	8.04	Pedestrian
153	20	3.245	8.04	Pedestrian
154	20	3.405	8.04	Pedestrian
155	20	3.575	8.04	Pedestrian
156	20	3.735	8.04	Pedestrian
157	20	3.905	8.04	Pedestrian
158	20	4.065	8.04	Pedestrian
159	20	4.215	8.04	Pedestrian
160	20	4.345	8.0	Pedestrian
161	20	4.495	7.965	Pedestrian
162	20	4.645	7.93	Pedestrian
163	20	4.775	7.89	Pedestrian
164	20	4.92	7.855	Pedestrian
165	20	5.065	7.855	Pedestrian
166	20	5.2	7.82	Pedestrian
167	20	5.345	7.78	Pedestrian
168	20	5.43	7.78	Pedestrian
169	20	5.475	7.82	Pedestrian
100	21	3.315	17.235	Car
101	21	3.315	17.235	Car
102	21	3.335	17.235	Car
103	21	3.35	17.235	Car
104	21	3.365	17.235	Car
105	21	3.385	17.235	Car
106	21	3.385	17.235	Car
107	21	3.4	17.235	Car
108	21	3.415	17.235	Car
109	21	3.435	17.235	Car
110	21	3.45	17.255	Car
111	21	3.45	17.255	Car
112	21	3.465	17.255	Car
113	21	3.48	17.255	Car
114	21	3.495	17.255	Car
115	21	3.515	17.255	Car
116	21	3.53	17.255	Car
117	21	3.53	17.255	Car
118	21	3.545	17.255	Car
119	21	3.565	17.275	Car
120	21	3.58	17.275	Car
121	21	3.595	17.275	Car
122	21	3.595	17.275	Car
123	21	3.615	17.275	Car
124	21	3.63	17.275	Car
125	21	3.645	17.275	Car
126	21	3.665	17.275	Car
127	21	3.68	17.275	Car
128	21	3.68	17.275	Car
129	21	3.695	17.29	Car
130	21	3.71	17.29	Car
131	21	3.725	17.29	Car
132	21	3.745	17.29	Car
133	21	3.745	17.29	Car
134	21	3.76	17.29	Car
135	21	3.775	17.29	Car
136	21	3.795	17.29	Car
137	21	3.81	17.29	Car
138	21	3.825	17.33	Car
139	21	4.04	17.35	Car
140	21	4.255	17.365	Car
141	21	4.645	17.275	Car
142	21	5.035	17.2	Car
143	21	5.335	17.2	Car
144	21	5.645	17.22	Car
145	21	5.825	17.145	Car
146	21	6.005	17.075	Car
147	21	6.125	17.075	Car
148	21	6.235	17.075	Car
149	21	6.435	17.075	Car
150	21	6.635	17.075	Car
151	21	6.815	16.965	Car
152	21	6.975	16.855	Car
153	21	7.025	16.855	Car
154	21	7.025	16.89	Car
155	21	7.045	16.89	Car
156	21	7.045	16.925	Car
157	21	7.055	16.925	Car
158	21	7.055	16.965	Car
159	21	7.055	16.965	Car
160	21	7.075	17.0	Car
161	21	7.075	17.035	Car
162	21	7.095	17.035	Car
163	21	7.095	17.075	Car
164	21	7.105	17.075	Car
165	21	7.105	17.11	Car
166	21	7.105	17.11	Car
167	21	7.105	17.145	Car
168	21	7.095	17.145	Car
169	21	7.095	17.165	Car
100	22	3.365	16.41	Car
101	22	3.365	16.41	Car
102	22	3.38	16.41	Car
103	22	3.4	16.41	Car
104	22	3.415	16.41	Car
105	22	3.43	16.41	Car
106	22	3.45	16.41	Car
107	22	3.465	16.41	Car
108	22	3.48	16.41	Car
109	22	3.5	16.41	Car
110	22	3.515	16.45	Car
111	22	3.53	16.45	Car
112	22	3.55	16.45	Car
113	22	3.565	16.45	Car
114	22	3.58	16.45	Car
115	22	3.595	16.45	Car
116	22	3.61	16.45	Car
117	22	3.63	16.45	Car
118	22	3.645	16.45	Car
119	22	3.66	16.49	Car
120	22	3.66	16.49	Car
121	22	3.68	16.49	Car
122	22	3.695	16.49	Car
123	22	3.71	16.49	Car
124	22	3.73	16.49	Car
125	22	3.745	16.49	Car
126	22	3.76	16.49	Car
127	22	3.78	16.49	Car
128	22	3.795	16.49	Car
129	22	3.81	16.52	Car
130	22	3.825	16.52	Car
131	22	3.84	16.52	Car
132	22	3.86	16.52	Car
133	22	3.875	16.52	Car
134	22	3.89	16.52	Car
135	22	3.91	16.52	Car
136	22	3.925	16.52	Car
137	22	3.94	16.52	Car
138	22	3.96	16.56	Car
139	22	4.155	16.52	Car
140	22	4.35	16.49	Car
141	22	4.68	16.49	Car
142	22	5.03	16.49	Car
143	22	5.32	16.45	Car
144	22	5.62	16.41	Car
145	22	5.75	16.38	Car
146	22	5.88	16.38	Car
147	22	5.965	16.34	Car
148	22	6.045	16.34	Car
149	22	6.23	16.27	Car
150	22	6.425	16.19	Car
151	22	6.67	16.19	Car
152	22	6.92	16.19	Car
153	22	6.97	16.23	Car
154	22	6.97	16.23	Car
155	22	6.97	16.23	Car
156	22	6.97	16.23	Car
157	22	6.97	16.23	Car
158	22	6.97	16.23	Car
159	22	6.97	16.23	Car
160	22	6.97	16.23	Car
161	22	6.97	16.23	Car
162	22	6.97	16.23	Car
163	22	6.97	16.23	Car
164	22	6.97	16.23	Car
165	22	6.97	16.23	Car
166	22	6.97	16.23	Car
167	22	6.97	16.23	Car
168	22	6.97	16.23	Car
169	22	6.95	16.27	Car
100	23	0.25	15.515	Car
101	23	0.25	15.515	Car
102	23	0.25	15.515	Car
103	23	0.25	15.515	Car
104	23	0.25	15.515	Car
105	23	0.25	15.515	Car
106	23	0.25	15.515	Car
107	23	0.25	15.515	Car
108	23	0.25	15.515	Car
109	23	0.25	15.515	Car
110	23	0.25	15.515	Car
111	23	0.25	15.515	Car
112	23	0.25	15.515	Car
113	23	0.25	15.515	Car
114	23	0.25	15.515	Car
115	23	0.25	15.515	Car
116	23	0.25	15.515	Car
117	23	0.25	15.515	Car
118	23	0.25	15.515	Car
119	23	0.25	15.515	Car
120	23	0.25	15.515	Car
121	23	0.25	15.515	Car
122	23	0.25	15.515	Car
123	23	0.25	15.515	Car
124	23	0.25	15.515	Car
125	23	0.25	15.515	Car
126	23	0.25	15.515	Car
127	23	0.25	15.515	Car
128	23	0.25	15.515	Car
129	23	0.25	15.515	Car
130	23	0.25	15.515	Car
131	23	0.25	15.515	Car
132	23	0.25	15.515	Car
133	23	0.25	15.515	Car
134	23	0.25	15.515	Car
135	23	0.25	15.515	Car
136	23	0.25	15.515	Car
137	23	0.25	15.515	Car
138	23	0.25	15.515	Car
139	23	0.25	15.515	Car
140	23	0.25	15.515	Car
141	23	0.25	15.515	Car
142	23	0.25	15.515	Car
143	23	0.415	15.48	Car
144	23	0.575	15.44	Car
145	23	0.75	15.405	Car
146	23	0.915	15.405	Car
147	23	1.115	15.37	Car
148	23	1.31	15.37	Car
149	23	1.54	15.37	Car
150	23	1.785	15.37	Car
151	23	1.985	15.33	Car
152	23	2.185	15.33	Car
153	23	2.245	15.33	Car
154	23	2.28	15.33	Car
155	23	2.315	15.33	Car
156	23	2.345	15.33	Car
157	23	2.38	15.33	Car
158	23	2.415	15.33	Car
159	23	2.38	15.33	Car
160	23	2.315	15.405	Car
161	23	2.265	15.44	Car
162	23	2.2	15.48	Car
163	23	2.15	15.515	Car
164	23	2.085	15.55	Car
165	23	2.035	15.59	Car
166	23	1.97	15.625	Car
167	23	1.905	15.66	Car
168	23	1.82	15.7	Car
169	23	1.805	15.735	Car
100	24	0.435	13.02	Car
101	24	0.435	13.02	Car
102	24	0.435	13.02	Car
103	24	0.435	13.02	Car
104	24	0.435	13.02	Car
105	24	0.435	13.02	Car
106	24	0.435	13.02	Car
107	24	0.435	13.02	Car
108	24	0.435	13.02	Car
109	24	0.435	13.02	Car
110	24	0.435	13.02	Car
111	24	0.435	13.02	Car
112	24	0.435	13.02	Car
113	24	0.435	13.02	Car
114	24	0.435	13.02	Car
115	24	0.435	13.02	Car
116	24	0.435	13.02	Car
117	24	0.435	13.02	Car
118	24	0.435	13.02	Car
119	24	0.435	13.02	Car
120	24	0.435	13.02	Car
121	24	0.435	13.02	Car
122	24	0.435	13.02	Car
123	24	0.435	13.02	Car
124	24	0.435	13.02	Car
125	24	0.435	13.02	Car
126	24	0.435	13.02	Car
127	24	0.435	13.02	Car
128	24	0.435	13.02	Car
129	24	0.435	13.02	Car
130	24	0.435	13.02	Car
131	24	0.435	13.02	Car
132	24	0.435	13.02	Car
133	24	0.435	13.02	Car
134	24	0.435	13.02	Car
135	24	0.435	13.02	Car
136	24	0.435	13.02	Car
137	24	0.435	13.02	Car
138	24	0.435	13.02	Car
139	24	0.435	13.02	Car
140	24	0.435	13.02	Car
141	24	0.435	13.02	Car
142	24	0.435	13.02	Car
143	24	0.435	13.02	Car
144	24	0.435	13.02	Car
145	24	0.435	13.02	Car
146	24	0.435	13.02	Car
147	24	0.42	12.985	Car
148	24	0.425	12.985	Car
149	24	0.42	12.97	Car
150	24	0.43	12.97	Car
151	24	0.555	12.89	Car
152	24	0.72	12.78	Car
153	24	0.635	12.78	Car
154	24	0.49	12.82	Car
155	24	0.54	12.82	Car
156	24	0.635	12.82	Car
157	24	0.735	12.78	Car
158	24	0.835	12.78	Car
159	24	0.835	12.82	Car
160	24	0.785	12.89	Car
161	24	0.75	12.93	Car
162	24	0.72	13.0	Car
163	24	0.685	13.08	Car
164	24	0.635	13.15	Car
165	24	0.605	13.19	Car
166	24	0.57	13.26	Car
167	24	0.54	13.3	Car
168	24	0.505	13.3	Car
169	24	0.47	13.3	Car
100	26	8.965	10.66	Pedestrian
101	26	8.95	10.62	Pedestrian
102	26	8.95	10.59	Pedestrian
103	26	8.935	10.55	Pedestrian
104	26	8.915	10.51	Pedestrian
105	26	8.9	10.48	Pedestrian
106	26	8.885	10.44	Pedestrian
107	26	8.865	10.4	Pedestrian
108	26	8.85	10.37	Pedestrian
109	26	8.815	10.33	Pedestrian
110	26	8.8	10.29	Pedestrian
111	26	8.785	10.26	Pedestrian
112	26	8.77	10.22	Pedestrian
113	26	8.75	10.18	Pedestrian
114	26	8.735	10.15	Pedestrian
115	26	8.72	10.11	Pedestrian
116	26	8.705	10.07	Pedestrian
117	26	8.67	10.04	Pedestrian
118	26	8.655	10.0	Pedestrian
119	26	8.635	9.96	Pedestrian
120	26	8.62	9.93	Pedestrian
121	26	8.605	9.85	Pedestrian
122	26	8.585	9.82	Pedestrian
123	26	8.57	9.78	Pedestrian
124	26	8.54	9.74	Pedestrian
125	26	8.52	9.71	Pedestrian
126	26	8.49	9.71	Pedestrian
127	26	8.455	9.67	Pedestrian
128	26	8.425	9.63	Pedestrian
129	26	8.39	9.6	Pedestrian
130	26	8.375	9.6	Pedestrian
131	26	8.34	9.56	Pedestrian
132	26	8.31	9.52	Pedestrian
133	26	8.275	9.49	Pedestrian
134	26	8.24	9.49	Pedestrian
135	26	8.21	9.45	Pedestrian
136	26	8.175	9.41	Pedestrian
137	26	8.175	9.41	Pedestrian
138	26	8.29	9.41	Pedestrian
139	26	8.425	9.41	Pedestrian
140	26	8.54	9.41	Pedestrian
141	26	8.655	9.41	Pedestrian
142	26	8.685	9.45	Pedestrian
143	26	8.705	9.45	Pedestrian
144	26	8.72	9.45	Pedestrian
145	26	8.735	9.45	Pedestrian
146	26	8.75	9.45	Pedestrian
147	26	8.77	9.45	Pedestrian
148	26	8.785	9.45	Pedestrian
149	26	8.8	9.45	Pedestrian
150	26	8.815	9.45	Pedestrian
151	26	8.835	9.45	Pedestrian
152	26	8.85	9.45	Pedestrian
153	26	8.865	9.45	Pedestrian
154	26	8.85	9.45	Pedestrian
155	26	8.8	9.45	Pedestrian
156	26	8.77	9.45	Pedestrian
157	26	8.735	9.45	Pedestrian
158	26	8.705	9.45	Pedestrian
159	26	8.655	9.45	Pedestrian
160	26	8.62	9.45	Pedestrian
161	26	8.585	9.45	Pedestrian
162	26	8.555	9.45	Pedestrian
163	26	8.505	9.45	Pedestrian
164	26	8.47	9.45	Pedestrian
165	26	8.425	9.45	Pedestrian
166	26	8.355	9.45	Pedestrian
167	26	8.31	9.45	Pedestrian
168	26	8.26	9.45	Pedestrian
169	26	8.21	9.45	Pedestrian
100	27	8.72	8.095	Pedestrian
101	27	8.69	8.13	Pedestrian
102	27	8.67	8.165	Pedestrian
103	27	8.65	8.205	Pedestrian
104	27	8.64	8.24	Pedestrian
105	27	8.62	8.275	Pedestrian
106	27	8.6	8.315	Pedestrian
107	27	8.59	8.35	Pedestrian
108	27	8.57	8.385	Pedestrian
109	27	8.555	8.425	Pedestrian
110	27	8.54	8.46	Pedestrian
111	27	8.52	8.495	Pedestrian
112	27	8.505	8.535	Pedestrian
113	27	8.49	8.57	Pedestrian
114	27	8.47	8.605	Pedestrian
115	27	8.455	8.645	Pedestrian
116	27	8.44	8.68	Pedestrian
117	27	8.42	8.715	Pedestrian
118	27	8.37	8.715	Pedestrian
119	27	8.34	8.755	Pedestrian
120	27	8.29	8.79	Pedestrian
121	27	8.26	8.825	Pedestrian
122	27	8.21	8.825	Pedestrian
123	27	8.18	8.865	Pedestrian
124	27	8.13	8.9	Pedestrian
125	27	8.09	8.9	Pedestrian
126	27	8.045	8.935	Pedestrian
127	27	8.01	8.975	Pedestrian
128	27	7.96	8.975	Pedestrian
129	27	7.93	9.01	Pedestrian
130	27	7.88	9.045	Pedestrian
131	27	7.815	9.045	Pedestrian
132	27	7.75	9.085	Pedestrian
133	27	7.68	9.12	Pedestrian
134	27	7.62	9.12	Pedestrian
135	27	7.57	9.155	Pedestrian
136	27	7.5	9.195	Pedestrian
137	27	7.44	9.34	Pedestrian
138	27	7.535	9.485	Pedestrian
139	27	7.63	9.525	Pedestrian
140	27	7.73	9.56	Pedestrian
141	27	7.83	9.595	Pedestrian
142	27	7.91	9.67	Pedestrian
143	27	7.95	9.705	Pedestrian
144	27	7.98	9.78	Pedestrian
145	27	8.01	9.815	Pedestrian
146	27	8.03	9.855	Pedestrian
147	27	8.06	9.89	Pedestrian
148	27	8.08	9.925	Pedestrian
149	27	8.09	9.925	Pedestrian
150	27	8.11	9.965	Pedestrian
151	27	8.14	10.0	Pedestrian
152	27	8.16	10.035	Pedestrian
153	27	8.16	10.075	Pedestrian
154	27	8.13	10.075	Pedestrian
155	27	8.11	10.075	Pedestrian
156	27	8.08	10.11	Pedestrian
157	27	8.06	10.11	Pedestrian
158	27	8.03	10.11	Pedestrian
159	27	8.01	10.11	Pedestrian
160	27	7.98	10.145	Pedestrian
161	27	7.96	10.145	Pedestrian
162	27	7.93	10.145	Pedestrian
163	27	7.9	10.185	Pedestrian
164	27	7.85	10.22	Pedestrian
165	27	7.8	10.22	Pedestrian
166	27	7.75	10.255	Pedestrian
167	27	7.7	10.255	Pedestrian
168	27	7.65	10.295	Pedestrian
169	27	7.62	10.33	Pedestrian
100	28	5.01	3.57	Pedestrian
101	28	5.01	3.57	Pedestrian
102	28	5.01	3.57	Pedestrian
103	28	5.01	3.57	Pedestrian
104	28	5.01	3.57	Pedestrian
105	28	5.01	3.57	Pedestrian
106	28	5.01	3.57	Pedestrian
107	28	5.01	3.57	Pedestrian
108	28	5.01	3.57	Pedestrian
109	28	5.01	3.57	Pedestrian
110	28	5.01	3.57	Pedestrian
111	28	5.03	3.57	Pedestrian
112	28	5.03	3.57	Pedestrian
113	28	5.03	3.57	Pedestrian
114	28	5.03	3.57	Pedestrian
115	28	5.03	3.57	Pedestrian
116	28	5.03	3.57	Pedestrian
117	28	5.03	3.57	Pedestrian
118	28	5.03	3.57	Pedestrian
119	28	5.03	3.57	Pedestrian
120	28	5.03	3.57	Pedestrian
121	28	5.03	3.57	Pedestrian
122	28	5.045	3.57	Pedestrian
123	28	5.045	3.57	Pedestrian
124	28	5.045	3.57	Pedestrian
125	28	5.045	3.57	Pedestrian
126	28	5.045	3.57	Pedestrian
127	28	5.045	3.57	Pedestrian
128	28	5.045	3.57	Pedestrian
129	28	5.045	3.57	Pedestrian
130	28	5.045	3.57	Pedestrian
131	28	5.045	3.57	Pedestrian
132	28	5.045	3.57	Pedestrian
133	28	5.06	3.57	Pedestrian
134	28	5.06	3.57	Pedestrian
135	28	5.06	3.57	Pedestrian
136	28	5.06	3.57	Pedestrian
137	28	5.06	3.57	Pedestrian
138	28	5.06	3.57	Pedestrian
139	28	5.06	3.57	Pedestrian
140	28	5.06	3.57	Pedestrian
141	28	5.06	3.57	Pedestrian
142	28	5.06	3.57	Pedestrian
143	28	5.06	3.57	Pedestrian
144	28	5.075	3.57	Pedestrian
145	28	5.075	3.57	Pedestrian
146	28	5.075	3.57	Pedestrian
147	28	5.075	3.57	Pedestrian
148	28	5.075	3.57	Pedestrian
149	28	5.075	3.57	Pedestrian
150	28	5.075	3.57	Pedestrian
151	28	5.075	3.57	Pedestrian
152	28	5.075	3.57	Pedestrian
153	28	5.075	3.57	Pedestrian
154	28	5.075	3.57	Pedestrian
155	28	5.09	3.57	Pedestrian
156	28	5.09	3.57	Pedestrian
157	28	5.11	3.605	Pedestrian
158	28	5.11	3.64	Pedestrian
159	28	5.125	3.68	Pedestrian
160	28	5.14	3.715	Pedestrian
161	28	5.14	3.75	Pedestrian
162	28	5.16	3.75	Pedestrian
163	28	5.16	3.79	Pedestrian
164	28	5.19	3.825	Pedestrian
165	28	5.21	3.86	Pedestrian
166	28	5.24	3.86	Pedestrian
167	28	5.26	3.9	Pedestrian
168	28	5.29	3.9	Pedestrian
169	28	5.31	3.935	Pedestrian
100	29	4.76	3.645	Pedestrian
101	29	4.76	3.605	Pedestrian
102	29	4.76	3.605	Pedestrian
103	29	4.76	3.605	Pedestrian
104	29	4.76	3.605	Pedestrian
105	29	4.76	3.605	Pedestrian
106	29	4.76	3.605	Pedestrian
107	29	4.76	3.605	Pedestrian
108	29	4.76	3.605	Pedestrian
109	29	4.76	3.605	Pedestrian
110	29	4.76	3.605	Pedestrian
111	29	4.76	3.605	Pedestrian
112	29	4.76	3.605	Pedestrian
113	29	4.76	3.605	Pedestrian
114	29	4.76	3.605	Pedestrian
115	29	4.76	3.605	Pedestrian
116	29	4.76	3.605	Pedestrian
117	29	4.76	3.565	Pedestrian
118	29	4.76	3.565	Pedestrian
119	29	4.76	3.565	Pedestrian
120	29	4.76	3.565	Pedestrian
121	29	4.76	3.565	Pedestrian
122	29	4.76	3.565	Pedestrian
123	29	4.76	3.565	Pedestrian
124	29	4.76	3.565	Pedestrian
125	29	4.76	3.565	Pedestrian
126	29	4.76	3.565	Pedestrian
127	29	4.76	3.565	Pedestrian
128	29	4.76	3.565	Pedestrian
129	29	4.76	3.565	Pedestrian
130	29	4.76	3.565	Pedestrian
131	29	4.76	3.565	Pedestrian
132	29	4.76	3.565	Pedestrian
133	29	4.76	3.535	Pedestrian
134	29	4.76	3.535	Pedestrian
135	29	4.76	3.535	Pedestrian
136	29	4.76	3.535	Pedestrian
137	29	4.76	3.535	Pedestrian
138	29	4.76	3.535	Pedestrian
139	29	4.76	3.535	Pedestrian
140	29	4.76	3.535	Pedestrian
141	29	4.76	3.535	Pedestrian
142	29	4.76	3.535	Pedestrian
143	29	4.76	3.535	Pedestrian
144	29	4.76	3.535	Pedestrian
145	29	4.76	3.535	Pedestrian
146	29	4.76	3.535	Pedestrian
147	29	4.76	3.535	Pedestrian
148	29	4.76	3.535	Pedestrian
149	29	4.76	3.535	Pedestrian
150	29	4.78	3.535	Pedestrian
151	29	4.78	3.535	Pedestrian
152	29	4.8	3.565	Pedestrian
153	29	4.81	3.565	Pedestrian
154	29	4.81	3.565	Pedestrian
155	29	4.83	3.605	Pedestrian
156	29	4.85	3.605	Pedestrian
157	29	4.85	3.605	Pedestrian
158	29	4.88	3.645	Pedestrian
159	29	4.91	3.675	Pedestrian
160	29	4.945	3.715	Pedestrian
161	29	4.98	3.785	Pedestrian
162	29	5.01	3.825	Pedestrian
163	29	5.04	3.865	Pedestrian
164	29	5.08	3.895	Pedestrian
165	29	5.11	3.935	Pedestrian
166	29	5.13	3.975	Pedestrian
167	29	5.14	4.005	Pedestrian
168	29	5.16	4.045	Pedestrian
169	29	5.19	4.085	Pedestrian
100	31	11.095	8.055	Pedestrian
101	31	11.095	8.055	Pedestrian
102	31	11.095	8.055	Pedestrian
103	31	11.095	8.055	Pedestrian
104	31	11.095	8.055	Pedestrian
105	31	11.095	8.055	Pedestrian
106	31	11.095	8.055	Pedestrian
107	31	11.095	8.055	Pedestrian
108	31	11.095	8.055	Pedestrian
109	31	11.095	8.055	Pedestrian
110	31	11.095	8.055	Pedestrian
111	31	11.095	8.055	Pedestrian
112	31	11.095	8.055	Pedestrian
113	31	11.095	8.055	Pedestrian
114	31	11.095	8.055	Pedestrian
115	31	11.095	8.055	Pedestrian
116	31	11.095	8.055	Pedestrian
117	31	11.095	8.055	Pedestrian
118	31	11.095	8.055	Pedestrian
119	31	11.095	8.055	Pedestrian
120	31	11.095	8.055	Pedestrian
121	31	11.095	8.055	Pedestrian
122	31	11.095	8.055	Pedestrian
123	31	11.095	8.055	Pedestrian
124	31	11.095	8.055	Pedestrian
125	31	11.095	8.055	Pedestrian
126	31	11.095	8.055	Pedestrian
127	31	11.095	8.055	Pedestrian
128	31	11.095	8.055	Pedestrian
129	31	11.095	8.055	Pedestrian
130	31	11.095	8.055	Pedestrian
131	31	11.095	8.055	Pedestrian
132	31	11.095	8.055	Pedestrian
133	31	11.095	8.055	Pedestrian
134	31	11.095	8.055	Pedestrian
135	31	11.095	8.055	Pedestrian
136	31	11.095	8.055	Pedestrian
137	31	11.095	8.055	Pedestrian
138	31	11.095	8.055	Pedestrian
139	31	11.095	8.055	Pedestrian
140	31	11.095	8.055	Pedestrian
141	31	11.095	8.055	Pedestrian
142	31	11.095	8.055	Pedestrian
143	31	11.095	8.055	Pedestrian
144	31	11.095	8.055	Pedestrian
145	31	11.095	8.055	Pedestrian
146	31	11.095	8.055	Pedestrian
147	31	11.095	8.055	Pedestrian
148	31	11.095	8.055	Pedestrian
149	31	11.095	8.055	Pedestrian
150	31	11.095	8.055	Pedestrian
151	31	11.095	8.055	Pedestrian
152	31	11.095	8.055	Pedestrian
153	31	11.095	8.055	Pedestrian
154	31	11.095	8.055	Pedestrian
155	31	11.095	8.055	Pedestrian
156	31	11.095	8.055	Pedestrian
157	31	11.095	8.055	Pedestrian
158	31	11.095	8.055	Pedestrian
159	31	11.095	8.055	Pedestrian
160	31	11.095	8.055	Pedestrian
161	31	11.095	8.055	Pedestrian
162	31	11.095	8.055	Pedestrian
163	31	11.095	8.055	Pedestrian
164	31	11.095	8.055	Pedestrian
165	31	11.095	8.055	Pedestrian
166	31	11.095	8.055	Pedestrian
167	31	11.095	8.055	Pedestrian
168	31	11.095	8.055	Pedestrian
169	31	11.095	8.055	Pedestrian
100	32	0.115	12.235	Car
101	32	0.115	12.235	Car
102	32	0.115	12.235	Car
103	32	0.115	12.235	Car
104	32	0.115	12.275	Car
105	32	0.12	12.275	Car
106	32	0.125	12.275	Car
107	32	0.125	12.275	Car
108	32	0.125	12.305	Car
109	32	0.125	12.305	Car
110	32	0.135	12.305	Car
111	32	0.135	12.345	Car
112	32	0.145	12.345	Car
113	32	0.145	12.345	Car
114	32	0.145	12.345	Car
115	32	0.15	12.385	Car
116	32	0.15	12.385	Car
117	32	0.15	12.385	Car
118	32	0.155	12.385	Car
119	32	0.155	12.415	Car
120	32	0.165	12.415	Car
121	32	0.165	12.415	Car
122	32	0.165	12.455	Car
123	32	0.175	12.455	Car
124	32	0.175	12.455	Car
125	32	0.185	12.455	Car
126	32	0.185	12.49	Car
127	32	0.185	12.49	Car
128	32	0.185	12.49	Car
129	32	0.195	12.49	Car
130	32	0.2	12.525	Car
131	32	0.2	12.525	Car
132	32	0.2	12.525	Car
133	32	0.2	12.565	Car
134	32	0.2	12.565	Car
135	32	0.215	12.565	Car
136	32	0.215	12.565	Car
137	32	0.215	12.6	Car
138	32	0.215	12.6	Car
139	32	0.215	12.6	Car
140	32	0.235	12.635	Car
141	32	0.455	12.655	Car
142	32	0.69	12.71	Car
143	32	0.94	12.75	Car
144	32	1.2	12.82	Car
145	32	1.29	12.86	Car
146	32	1.38	12.93	Car
147	32	1.42	12.89	Car
148	32	1.47	12.89	Car
149	32	1.22	12.93	Car
150	32	0.97	12.97	Car
151	32	1.07	12.97	Car
152	32	1.25	12.93	Car
153	32	1.17	12.89	Car
154	32	1.01	12.86	Car
155	32	1.07	12.86	Car
156	32	1.19	12.86	Car
157	32	1.32	12.89	Car
158	32	1.43	12.89	Car
159	32	1.43	12.93	Car
160	32	1.4	12.97	Car
161	32	1.37	13.0	Car
162	32	1.32	13.04	Car
163	32	1.29	13.08	Car
164	32	1.25	13.11	Car
165	32	1.22	13.15	Car
166	32	1.19	13.19	Car
167	32	1.15	13.22	Car
168	32	1.14	13.22	Car
169	32	1.11	13.22	Car
100	33	1.465	12.145	Car
101	33	1.455	12.145	Car
102	33	1.455	12.145	Car
103	33	1.435	12.145	Car
104	33	1.435	12.145	Car
105	33	1.415	12.145	Car
106	33	1.415	12.145	Car
107	33	1.405	12.145	Car
108	33	1.405	12.145	Car
109	33	1.385	12.145	Car
110	33	1.385	12.145	Car
111	33	1.365	12.145	Car
112	33	1.365	12.145	Car
113	33	1.355	12.145	Car
114	33	1.355	12.145	Car
115	33	1.335	12.145	Car
116	33	1.335	12.145	Car
117	33	1.315	12.145	Car
118	33	1.315	12.18	Car
119	33	1.305	12.18	Car
120	33	1.305	12.18	Car
121	33	1.285	12.18	Car
122	33	1.285	12.18	Car
123	33	1.265	12.18	Car
124	33	1.265	12.18	Car
125	33	1.255	12.18	Car
126	33	1.255	12.18	Car
127	33	1.235	12.18	Car
128	33	1.235	12.18	Car
129	33	1.225	12.18	Car
130	33	1.225	12.18	Car
131	33	1.205	12.18	Car
132	33	1.205	12.18	Car
133	33	1.185	12.18	Car
134	33	1.185	12.18	Car
135	33	1.175	12.18	Car
136	33	1.175	12.215	Car
137	33	1.305	12.325	Car
138	33	1.435	12.47	Car
139	33	1.615	12.51	Car
140	33	1.795	12.545	Car
141	33	2.055	12.51	Car
142	33	2.335	12.47	Car
143	33	2.535	12.62	Car
144	33	2.745	12.765	Car
145	33	2.835	12.765	Car
146	33	2.915	12.765	Car
147	33	3.015	12.69	Car
148	33	3.115	12.62	Car
149	33	2.535	12.655	Car
150	33	1.965	12.69	Car
151	33	1.975	12.765	Car
152	33	2.155	12.8	Car
153	33	2.105	12.84	Car
154	33	2.005	12.84	Car
155	33	2.075	12.84	Car
156	33	2.175	12.84	Car
157	33	2.285	12.84	Car
158	33	2.385	12.84	Car
159	33	2.375	12.84	Car
160	33	2.305	12.875	Car
161	33	2.235	12.91	Car
162	33	2.195	12.95	Car
163	33	2.125	12.985	Car
164	33	2.055	13.02	Car
165	33	2.005	13.06	Car
166	33	1.945	13.095	Car
167	33	1.915	13.095	Car
168	33	1.895	13.095	Car
169	33	1.865	13.095	Car
100	34	2.065	12.2	Car
101	34	2.05	12.2	Car
102	34	2.05	12.2	Car
103	34	2.035	12.2	Car
104	34	2.035	12.2	Car
105	34	2.015	12.2	Car
106	34	2.015	12.2	Car
107	34	2.005	12.2	Car
108	34	2.005	12.2	Car
109	34	1.985	12.2	Car
110	34	1.985	12.2	Car
111	34	1.965	12.2	Car
112	34	1.965	12.2	Car
113	34	1.955	12.2	Car
114	34	1.955	12.2	Car
115	34	1.935	12.2	Car
116	34	1.935	12.2	Car
117	34	1.92	12.2	Car
118	34	1.92	12.2	Car
119	34	1.92	12.2	Car
120	34	1.905	12.2	Car
121	34	1.905	12.2	Car
122	34	1.885	12.2	Car
123	34	1.885	12.2	Car
124	34	1.87	12.2	Car
125	34	1.87	12.2	Car
126	34	1.855	12.2	Car
127	34	1.855	12.2	Car
128	34	1.835	12.2	Car
129	34	1.835	12.2	Car
130	34	1.82	12.2	Car
131	34	1.82	12.2	Car
132	34	1.805	12.2	Car
133	34	1.805	12.2	Car
134	34	1.785	12.2	Car
135	34	1.785	12.2	Car
136	34	1.785	12.235	Car
137	34	1.955	12.31	Car
138	34	2.115	12.38	Car
139	34	2.295	12.42	Car
140	34	2.475	12.49	Car
141	34	2.755	12.56	Car
142	34	3.035	12.67	Car
143	34	3.215	12.64	Car
144	34	3.415	12.6	Car
145	34	3.485	12.6	Car
146	34	3.545	12.64	Car
147	34	3.645	12.64	Car
148	34	3.76	12.64	Car
149	34	3.605	12.69	Car
150	34	3.465	12.765	Car
151	34	3.56	12.765	Car
152	34	3.71	12.73	Car
153	34	3.71	12.73	Car
154	34	3.66	12.73	Car
155	34	3.71	12.73	Car
156	34	3.79	12.73	Car
157	34	3.86	12.69	Car
158	34	3.94	12.69	Car
159	34	3.925	12.69	Car
160	34	3.88	12.73	Car
161	34	3.84	12.73	Car
162	34	3.81	12.765	Car
163	34	3.78	12.8	Car
164	34	3.73	12.8	Car
165	34	3.695	12.84	Car
166	34	3.66	12.84	Car
167	34	3.61	12.875	Car
168	34	3.56	12.875	Car
169	34	3.51	12.875	Car
100	35	3.02	12.09	Car
101	35	3.005	12.09	Car
102	35	3.005	12.09	Car
103	35	3.005	12.09	Car
104	35	2.985	12.09	Car
105	35	2.985	12.09	Car
106	35	2.985	12.09	Car
107	35	2.985	12.09	Car
108	35	2.975	12.09	Car
109	35	2.975	12.09	Car
110	35	2.975	12.09	Car
111	35	2.955	12.09	Car
112	35	2.955	12.09	Car
113	35	2.955	12.09	Car
114	35	2.955	12.09	Car
115	35	2.935	12.09	Car
116	35	2.935	12.09	Car
117	35	2.935	12.09	Car
118	35	2.935	12.09	Car
119	35	2.925	12.09	Car
120	35	2.925	12.09	Car
121	35	2.925	12.09	Car
122	35	2.905	12.09	Car
123	35	2.905	12.09	Car
124	35	2.905	12.09	Car
125	35	2.905	12.09	Car
126	35	2.89	12.09	Car
127	35	2.89	12.09	Car
128	35	2.89	12.09	Car
129	35	2.875	12.09	Car
130	35	2.875	12.09	Car
131	35	2.875	12.09	Car
132	35	2.875	12.09	Car
133	35	2.855	12.09	Car
134	35	2.855	12.09	Car
135	35	2.855	12.09	Car
136	35	2.855	12.125	Car
137	35	2.975	12.31	Car
138	35	3.105	12.49	Car
139	35	3.265	12.525	Car
140	35	3.435	12.6	Car
141	35	3.675	12.565	Car
142	35	3.945	12.525	Car
143	35	4.175	12.565	Car
144	35	4.405	12.6	Car
145	35	4.455	12.6	Car
146	35	4.515	12.6	Car
147	35	4.6	12.6	Car
148	35	4.685	12.6	Car
149	35	4.385	12.635	Car
150	35	4.09	12.675	Car
151	35	4.185	12.71	Car
152	35	4.37	12.71	Car
153	35	4.355	12.71	Car
154	35	4.27	12.675	Car
155	35	4.305	12.675	Car
156	35	4.37	12.675	Car
157	35	4.415	12.675	Car
158	35	4.485	12.675	Car
159	35	4.465	12.71	Car
160	35	4.435	12.745	Car
161	35	4.405	12.785	Car
162	35	4.37	12.82	Car
163	35	4.355	12.895	Car
164	35	4.32	12.93	Car
165	35	4.285	12.965	Car
166	35	4.255	13.005	Car
167	35	4.235	13.04	Car
168	35	4.205	13.04	Car
169	35	4.185	13.04	Car
100	36	4.47	11.995	Car
101	36	4.45	11.995	Car
102	36	4.45	11.995	Car
103	36	4.45	11.995	Car
104	36	4.45	11.995	Car
105	36	4.435	11.995	Car
106	36	4.435	12.035	Car
107	36	4.435	12.035	Car
108	36	4.435	12.035	Car
109	36	4.42	12.035	Car
110	36	4.42	12.035	Car
111	36	4.42	12.035	Car
112	36	4.42	12.07	Car
113	36	4.4	12.07	Car
114	36	4.4	12.07	Car
115	36	4.4	12.07	Car
116	36	4.4	12.07	Car
117	36	4.385	12.07	Car
118	36	4.385	12.105	Car
119	36	4.385	12.105	Car
120	36	4.385	12.105	Car
121	36	4.37	12.105	Car
122	36	4.37	12.105	Car
123	36	4.37	12.105	Car
124	36	4.37	12.145	Car
125	36	4.35	12.145	Car
126	36	4.35	12.145	Car
127	36	4.35	12.145	Car
128	36	4.35	12.145	Car
129	36	4.34	12.145	Car
130	36	4.34	12.18	Car
131	36	4.34	12.18	Car
132	36	4.34	12.18	Car
133	36	4.32	12.18	Car
134	36	4.32	12.18	Car
135	36	4.32	12.18	Car
136	36	4.32	12.215	Car
137	36	4.4	12.325	Car
138	36	4.485	12.435	Car
139	36	4.63	12.435	Car
140	36	4.8	12.435	Car
141	36	5.08	12.395	Car
142	36	5.37	12.365	Car
143	36	5.54	12.475	Car
144	36	5.72	12.585	Car
145	36	5.82	12.545	Car
146	36	5.915	12.545	Car
147	36	6.0	12.545	Car
148	36	6.06	12.585	Car
149	36	5.59	12.545	Car
150	36	5.11	12.545	Car
151	36	5.14	12.505	Car
152	36	5.29	12.505	Car
153	36	5.24	12.505	Car
154	36	5.16	12.505	Car
155	36	5.19	12.545	Car
156	36	5.27	12.585	Car
157	36	5.355	12.615	Car
158	36	5.44	12.615	Car
159	36	5.42	12.655	Car
160	36	5.405	12.655	Car
161	36	5.37	12.655	Car
162	36	5.355	12.655	Car
163	36	5.32	12.655	Car
164	36	5.31	12.655	Car
165	36	5.27	12.655	Car
166	36	5.26	12.655	Car
167	36	5.24	12.655	Car
168	36	5.225	12.655	Car
169	36	5.225	12.655	Car
100	37	5.1	12.07	Car
101	37	5.085	12.07	Car
102	37	5.085	12.07	Car
103	37	5.085	12.07	Car
104	37	5.085	12.07	Car
105	37	5.085	12.07	Car
106	37	5.085	12.07	Car
107	37	5.07	12.07	Car
108	37	5.07	12.07	Car
109	37	5.07	12.07	Car
110	37	5.07	12.07	Car
111	37	5.07	12.07	Car
112	37	5.07	12.07	Car
113	37	5.05	12.07	Car
114	37	5.05	12.07	Car
115	37	5.05	12.07	Car
116	37	5.05	12.07	Car
117	37	5.05	12.07	Car
118	37	5.05	12.105	Car
119	37	5.035	12.105	Car
120	37	5.035	12.105	Car
121	37	5.035	12.105	Car
122	37	5.035	12.105	Car
123	37	5.035	12.105	Car
124	37	5.035	12.105	Car
125	37	5.02	12.105	Car
126	37	5.02	12.105	Car
127	37	5.02	12.105	Car
128	37	5.02	12.105	Car
129	37	5.02	12.105	Car
130	37	5.02	12.105	Car
131	37	5.0	12.105	Car
132	37	5.0	12.105	Car
133	37	5.0	12.105	Car
134	37	5.0	12.105	Car
135	37	5.0	12.105	Car
136	37	5.0	12.145	Car
137	37	5.12	12.215	Car
138	37	5.25	12.325	Car
139	37	5.415	12.4	Car
140	37	5.595	12.475	Car
141	37	5.875	12.325	Car
142	37	6.17	12.18	Car
143	37	6.27	12.29	Car
144	37	6.385	12.435	Car
145	37	6.5	12.435	Car
146	37	6.615	12.475	Car
147	37	6.665	12.505	Car
148	37	6.71	12.505	Car
149	37	6.53	12.505	Car
150	37	6.35	12.505	Car
151	37	6.435	12.545	Car
152	37	6.58	12.585	Car
153	37	6.58	12.585	Car
154	37	6.53	12.585	Car
155	37	6.565	12.585	Car
156	37	6.6	12.585	Car
157	37	6.645	12.615	Car
158	37	6.695	12.615	Car
159	37	6.68	12.615	Car
160	37	6.665	12.615	Car
161	37	6.645	12.615	Car
162	37	6.615	12.615	Car
163	37	6.6	12.585	Car
164	37	6.58	12.585	Car
165	37	6.55	12.585	Car
166	37	6.53	12.585	Car
167	37	6.515	12.585	Car
168	37	6.515	12.615	Car
169	37	6.515	12.615	Car
100	38	6.125	12.11	Car
101	38	6.115	12.11	Car
102	38	6.115	12.11	Car
103	38	6.115	12.11	Car
104	38	6.115	12.11	Car
105	38	6.095	12.11	Car
106	38	6.095	12.11	Car
107	38	6.095	12.11	Car
108	38	6.095	12.11	Car
109	38	6.08	12.11	Car
110	38	6.08	12.11	Car
111	38	6.08	12.11	Car
112	38	6.08	12.11	Car
113	38	6.065	12.11	Car
114	38	6.065	12.11	Car
115	38	6.065	12.11	Car
116	38	6.065	12.11	Car
117	38	6.045	12.11	Car
118	38	6.045	12.11	Car
119	38	6.045	12.11	Car
120	38	6.045	12.11	Car
121	38	6.03	12.11	Car
122	38	6.03	12.11	Car
123	38	6.03	12.11	Car
124	38	6.03	12.11	Car
125	38	6.015	12.11	Car
126	38	6.015	12.11	Car
127	38	6.015	12.11	Car
128	38	6.015	12.11	Car
129	38	5.995	12.11	Car
130	38	5.995	12.11	Car
131	38	5.995	12.11	Car
132	38	5.995	12.11	Car
133	38	5.98	12.11	Car
134	38	5.98	12.11	Car
135	38	5.98	12.11	Car
136	38	5.98	12.11	Car
137	38	6.115	12.18	Car
138	38	6.245	12.25	Car
139	38	6.425	12.29	Car
140	38	6.625	12.33	Car
141	38	6.855	12.29	Car
142	38	7.085	12.29	Car
143	38	7.215	12.4	Car
144	38	7.365	12.51	Car
145	38	7.445	12.51	Car
146	38	7.525	12.51	Car
147	38	7.605	12.435	Car
148	38	7.705	12.4	Car
149	38	7.4	12.4	Car
150	38	7.105	12.4	Car
151	38	7.125	12.415	Car
152	38	7.225	12.415	Car
153	38	7.225	12.455	Car
154	38	7.205	12.49	Car
155	38	7.24	12.49	Car
156	38	7.27	12.49	Car
157	38	7.32	12.455	Car
158	38	7.355	12.455	Car
159	38	7.355	12.455	Car
160	38	7.355	12.49	Car
161	38	7.335	12.525	Car
162	38	7.335	12.525	Car
163	38	7.32	12.565	Car
164	38	7.32	12.6	Car
165	38	7.305	12.635	Car
166	38	7.305	12.635	Car
167	38	7.29	12.635	Car
168	38	7.27	12.635	Car
169	38	7.27	12.635	Car
100	39	6.745	12.16	Car
101	39	6.725	12.125	Car
102	39	6.725	12.125	Car
103	39	6.725	12.125	Car
104	39	6.725	12.125	Car
105	39	6.725	12.125	Car
106	39	6.725	12.125	Car
107	39	6.715	12.125	Car
108	39	6.715	12.125	Car
109	39	6.715	12.125	Car
110	39	6.715	12.125	Car
111	39	6.715	12.125	Car
112	39	6.715	12.125	Car
113	39	6.695	12.125	Car
114	39	6.695	12.125	Car
115	39	6.695	12.125	Car
116	39	6.695	12.125	Car
117	39	6.695	12.125	Car
118	39	6.695	12.125	Car
119	39	6.68	12.09	Car
120	39	6.68	12.09	Car
121	39	6.68	12.09	Car
122	39	6.68	12.09	Car
123	39	6.68	12.09	Car
124	39	6.68	12.09	Car
125	39	6.665	12.09	Car
126	39	6.665	12.09	Car
127	39	6.665	12.09	Car
128	39	6.665	12.09	Car
129	39	6.665	12.09	Car
130	39	6.665	12.09	Car
131	39	6.645	12.09	Car
132	39	6.645	12.09	Car
133	39	6.645	12.09	Car
134	39	6.645	12.09	Car
135	39	6.645	12.09	Car
136	39	6.645	12.09	Car
137	39	6.775	12.09	Car
138	39	6.925	12.125	Car
139	39	7.055	12.2	Car
140	39	7.19	12.27	Car
141	39	7.405	12.345	Car
142	39	7.635	12.42	Car
143	39	7.845	12.38	Car
144	39	8.075	12.38	Car
145	39	8.125	12.38	Car
146	39	8.175	12.38	Car
147	39	8.225	12.38	Car
148	39	8.275	12.38	Car
149	39	8.125	12.38	Car
150	39	7.995	12.42	Car
151	39	8.065	12.45	Car
152	39	8.175	12.45	Car
153	39	8.205	12.49	Car
154	39	8.205	12.49	Car
155	39	8.205	12.49	Car
156	39	8.205	12.49	Car
157	39	8.205	12.49	Car
158	39	8.205	12.49	Car
159	39	8.205	12.49	Car
160	39	8.205	12.53	Car
161	39	8.205	12.53	Car
162	39	8.205	12.53	Car
163	39	8.205	12.53	Car
164	39	8.205	12.53	Car
165	39	8.205	12.53	Car
166	39	8.205	12.53	Car
167	39	8.195	12.56	Car
168	39	8.195	12.56	Car
169	39	8.195	12.56	Car
100	40	8.445	11.98	Car
101	40	8.43	11.98	Car
102	40	8.43	11.98	Car
103	40	8.43	11.98	Car
104	40	8.43	11.98	Car
105	40	8.43	11.98	Car
106	40	8.43	11.98	Car
107	40	8.43	11.98	Car
108	40	8.43	11.98	Car
109	40	8.43	11.98	Car
110	40	8.43	11.98	Car
111	40	8.43	11.98	Car
112	40	8.43	11.98	Car
113	40	8.43	11.98	Car
114	40	8.43	11.98	Car
115	40	8.43	11.98	Car
116	40	8.43	11.98	Car
117	40	8.43	11.98	Car
118	40	8.43	11.98	Car
119	40	8.415	11.98	Car
120	40	8.415	11.98	Car
121	40	8.415	11.98	Car
122	40	8.415	11.98	Car
123	40	8.415	11.98	Car
124	40	8.415	11.98	Car
125	40	8.415	11.98	Car
126	40	8.415	11.98	Car
127	40	8.415	11.98	Car
128	40	8.415	11.98	Car
129	40	8.415	11.98	Car
130	40	8.415	11.98	Car
131	40	8.415	11.98	Car
132	40	8.415	11.98	Car
133	40	8.415	11.98	Car
134	40	8.415	11.98	Car
135	40	8.415	11.98	Car
136	40	8.415	11.98	Car
137	40	8.545	12.015	Car
138	40	8.695	12.09	Car
139	40	8.775	12.09	Car
140	40	8.875	12.125	Car
141	40	9.09	12.2	Car
142	40	9.32	12.27	Car
143	40	9.465	12.27	Car
144	40	9.63	12.27	Car
145	40	9.665	12.27	Car
146	40	9.715	12.27	Car
147	40	9.415	12.27	Car
148	40	9.14	12.31	Car
149	40	8.86	12.34	Car
150	40	8.58	12.38	Car
151	40	8.63	12.42	Car
152	40	8.76	12.42	Car
153	40	8.795	12.42	Car
154	40	8.795	12.42	Car
155	40	8.795	12.42	Car
156	40	8.795	12.42	Car
157	40	8.795	12.42	Car
158	40	8.795	12.45	Car
159	40	8.795	12.45	Car
160	40	8.795	12.45	Car
161	40	8.795	12.45	Car
162	40	8.795	12.45	Car
163	40	8.795	12.49	Car
164	40	8.795	12.49	Car
165	40	8.795	12.49	Car
166	40	8.795	12.49	Car
167	40	8.795	12.49	Car
168	40	8.81	12.53	Car
169	40	8.81	12.53	Car
100	41	9.455	11.98	Car
101	41	9.455	11.98	Car
102	41	9.475	11.98	Car
103	41	9.475	11.98	Car
104	41	9.495	11.98	Car
105	41	9.495	11.98	Car
106	41	9.505	12.015	Car
107	41	9.505	12.015	Car
108	41	9.525	12.015	Car
109	41	9.525	12.015	Car
110	41	9.545	12.015	Car
111	41	9.545	12.05	Car
112	41	9.555	12.05	Car
113	41	9.555	12.05	Car
114	41	9.575	12.05	Car
115	41	9.575	12.05	Car
116	41	9.595	12.05	Car
117	41	9.595	12.09	Car
118	41	9.605	12.09	Car
119	41	9.625	12.09	Car
120	41	9.625	12.09	Car
121	41	9.635	12.09	Car
122	41	9.635	12.125	Car
123	41	9.655	12.125	Car
124	41	9.655	12.125	Car
125	41	9.675	12.125	Car
126	41	9.675	12.125	Car
127	41	9.685	12.125	Car
128	41	9.685	12.16	Car
129	41	9.705	12.16	Car
130	41	9.705	12.16	Car
131	41	9.725	12.16	Car
132	41	9.725	12.16	Car
133	41	9.735	12.2	Car
134	41	9.735	12.2	Car
135	41	9.755	12.2	Car
136	41	9.755	12.2	Car
137	41	9.775	12.2	Car
138	41	9.785	12.235	Car
139	41	9.905	12.235	Car
140	41	10.035	12.27	Car
141	41	10.235	12.16	Car
142	41	10.445	12.09	Car
143	41	10.525	12.2	Car
144	41	10.61	12.345	Car
145	41	10.655	12.27	Car
146	41	10.705	12.235	Car
147	41	10.545	12.235	Car
148	41	10.395	12.235	Car
149	41	10.245	12.235	Car
150	41	10.085	12.235	Car
151	41	10.145	12.235	Car
152	41	10.265	12.27	Car
153	41	10.295	12.27	Car
154	41	10.315	12.27	Car
155	41	10.335	12.27	Car
156	41	10.345	12.27	Car
157	41	10.365	12.27	Car
158	41	10.375	12.27	Car
159	41	10.395	12.27	Car
160	41	10.395	12.27	Car
161	41	10.395	12.27	Car
162	41	10.395	12.27	Car
163	41	10.395	12.27	Car
164	41	10.395	12.27	Car
165	41	10.415	12.27	Car
166	41	10.415	12.27	Car
167	41	10.415	12.27	Car
168	41	10.415	12.27	Car
169	41	10.415	12.27	Car
100	42	10.155	11.87	Car
101	42	10.155	11.87	Car
102	42	10.155	11.87	Car
103	42	10.155	11.87	Car
104	42	10.155	11.87	Car
105	42	10.155	11.87	Car
106	42	10.155	11.87	Car
107	42	10.155	11.87	Car
108	42	10.155	11.87	Car
109	42	10.155	11.905	Car
110	42	10.155	11.905	Car
111	42	10.155	11.905	Car
112	42	10.155	11.905	Car
113	42	10.155	11.905	Car
114	42	10.155	11.905	Car
115	42	10.155	11.905	Car
116	42	10.155	11.905	Car
117	42	10.155	11.905	Car
118	42	10.155	11.94	Car
119	42	10.155	11.94	Car
120	42	10.155	11.94	Car
121	42	10.155	11.94	Car
122	42	10.155	11.94	Car
123	42	10.155	11.94	Car
124	42	10.155	11.94	Car
125	42	10.155	11.94	Car
126	42	10.155	11.94	Car
127	42	10.155	11.98	Car
128	42	10.155	11.98	Car
129	42	10.155	11.98	Car
130	42	10.155	11.98	Car
131	42	10.155	11.98	Car
132	42	10.155	11.98	Car
133	42	10.155	11.98	Car
134	42	10.155	11.98	Car
135	42	10.155	11.98	Car
136	42	10.155	12.015	Car
137	42	10.305	11.98	Car
138	42	10.455	11.98	Car
139	42	10.535	12.05	Car
140	42	10.635	12.16	Car
141	42	10.85	12.16	Car
142	42	11.065	12.2	Car
143	42	11.145	12.235	Car
144	42	11.245	12.27	Car
145	42	11.275	12.2	Car
146	42	11.31	12.125	Car
147	42	11.245	12.125	Car
148	42	11.195	12.125	Car
149	42	11.145	12.125	Car
150	42	11.08	12.125	Car
151	42	11.145	12.2	Car
152	42	11.225	12.235	Car
153	42	11.26	12.27	Car
154	42	11.275	12.27	Car
155	42	11.295	12.27	Car
156	42	11.31	12.27	Car
157	42	11.325	12.27	Car
158	42	11.34	12.27	Car
159	42	11.36	12.31	Car
160	42	11.36	12.31	Car
161	42	11.36	12.31	Car
162	42	11.36	12.31	Car
163	42	11.375	12.31	Car
164	42	11.375	12.31	Car
165	42	11.375	12.345	Car
166	42	11.375	12.345	Car
167	42	11.39	12.345	Car
168	42	11.39	12.345	Car
169	42	11.39	12.345	Car
100	44	4.5	14.875	Car
101	44	4.5	14.875	Car
102	44	4.52	14.875	Car
103	44	4.53	14.875	Car
104	44	4.53	14.875	Car
105	44	4.55	14.875	Car
106	44	4.57	14.875	Car
107	44	4.57	14.875	Car
108	44	4.58	14.89	Car
109	44	4.6	14.89	Car
110	44	4.61	14.91	Car
111	44	4.615	14.91	Car
112	44	4.63	14.91	Car
113	44	4.64	14.91	Car
114	44	4.65	14.91	Car
115	44	4.665	14.91	Car
116	44	4.67	14.93	Car
117	44	4.69	14.93	Car
118	44	4.7	14.93	Car
119	44	4.715	14.945	Car
120	44	4.72	14.945	Car
121	44	4.73	14.945	Car
122	44	4.75	14.945	Car
123	44	4.76	14.965	Car
124	44	4.77	14.965	Car
125	44	4.78	14.965	Car
126	44	4.79	14.965	Car
127	44	4.805	14.965	Car
128	44	4.81	14.965	Car
129	44	4.82	14.985	Car
130	44	4.84	14.985	Car
131	44	4.855	15.0	Car
132	44	4.855	15.0	Car
133	44	4.87	15.0	Car
134	44	4.89	15.0	Car
135	44	4.89	15.0	Car
136	44	4.9	15.0	Car
137	44	4.92	15.0	Car
138	44	4.94	15.04	Car
139	44	5.07	15.075	Car
140	44	5.2	15.15	Car
141	44	5.53	15.075	Car
142	44	5.86	15.04	Car
143	44	6.1	15.075	Car
144	44	6.35	15.15	Car
145	44	6.45	15.075	Car
146	44	6.55	15.0	Car
147	44	6.66	14.965	Car
148	44	6.78	14.965	Car
149	44	6.91	14.93	Car
150	44	7.04	14.93	Car
151	44	7.24	14.93	Car
152	44	7.44	14.93	Car
153	44	7.47	14.93	Car
154	44	7.47	14.93	Car
155	44	7.47	14.965	Car
156	44	7.45	14.965	Car
157	44	7.45	14.965	Car
158	44	7.45	15.0	Car
159	44	7.44	15.0	Car
160	44	7.44	15.04	Car
161	44	7.44	15.04	Car
162	44	7.42	15.04	Car
163	44	7.42	15.075	Car
164	44	7.42	15.075	Car
165	44	7.4	15.11	Car
166	44	7.4	15.11	Car
167	44	7.4	15.11	Car
168	44	7.39	15.15	Car
169	44	7.39	15.15	Car
