200	65	0.555	10.205	Biker
201	65	0.555	10.205	Biker
202	65	0.555	10.205	Biker
203	65	0.555	10.205	Biker
204	65	0.555	10.205	Biker
205	65	0.555	10.205	Biker
206	65	0.555	10.205	Biker
207	65	0.555	10.205	Biker
208	65	0.555	10.205	Biker
209	65	0.555	10.205	Biker
210	65	0.555	10.205	Biker
211	65	0.555	10.205	Biker
212	65	0.555	10.205	Biker
213	65	0.555	10.205	Biker
214	65	0.555	10.205	Biker
215	65	0.555	10.205	Biker
216	65	0.555	10.205	Biker
217	65	0.555	10.205	Biker
218	65	0.555	10.205	Biker
219	65	0.555	10.205	Biker
220	65	0.555	10.205	Biker
221	65	0.555	10.205	Biker
222	65	0.555	10.205	Biker
223	65	0.555	10.205	Biker
224	65	0.555	10.205	Biker
225	65	0.59	10.205	Biker
226	65	0.685	10.205	Biker
227	65	0.795	10.205	Biker
228	65	0.905	10.205	Biker
229	65	0.995	10.205	Biker
230	65	1.105	10.225	Biker
231	65	1.2	10.245	Biker
232	65	1.31	10.245	Biker
233	65	1.42	10.245	Biker
234	65	1.51	10.245	Biker
235	65	1.62	10.265	Biker
236	65	1.72	10.285	Biker
237	65	1.82	10.285	Biker
238	65	1.93	10.285	Biker
239	65	2.025	10.285	Biker
240	65	2.135	10.305	Biker
241	65	2.235	10.305	Biker
242	65	2.335	10.325	Biker
243	65	2.44	10.325	Biker
244	65	2.54	10.325	Biker
245	65	2.65	10.345	Biker
246	65	2.75	10.345	Biker
247	65	2.85	10.365	Biker
248	65	2.95	10.365	Biker
249	65	3.06	10.365	Biker
250	65	3.16	10.385	Biker
251	65	3.26	10.385	Biker
252	65	3.365	10.385	Biker
253	65	3.465	10.405	Biker
254	65	3.575	10.405	Biker
255	65	3.675	10.43	Biker
256	65	3.78	10.43	Biker
257	65	3.89	10.43	Biker
258	65	3.98	10.43	Biker
259	65	4.09	10.45	Biker
260	65	4.19	10.47	Biker
261	65	4.29	10.47	Biker
262	65	4.4	10.47	Biker
263	65	4.49	10.47	Biker
264	65	4.6	10.49	Biker
265	65	4.705	10.51	Biker
266	65	4.805	10.51	Biker
267	65	4.915	10.51	Biker
268	65	5.01	10.51	Biker
269	65	5.12	10.51	Biker
270	65	5.23	10.55	Biker
271	65	5.32	10.55	Biker
272	65	5.43	10.55	Biker
273	65	5.52	10.55	Biker
274	65	5.63	10.55	Biker
275	65	5.76	10.595	Biker
276	65	5.96	10.595	Biker
277	65	6.18	10.595	Biker
278	65	6.385	10.595	Biker
279	65	6.605	10.595	Biker
280	65	6.81	10.615	Biker
281	65	7.01	10.615	Biker
282	65	7.23	10.635	Biker
283	65	7.43	10.635	Biker
284	65	7.65	10.635	Biker
285	65	7.85	10.655	Biker
286	65	8.075	10.655	Biker
287	65	8.275	10.655	Biker
288	65	8.48	10.675	Biker
200	67	0.5	10.305	Pedestrian
201	67	0.5	10.305	Pedestrian
202	67	0.5	10.305	Pedestrian
203	67	0.5	10.325	Pedestrian
204	67	0.5	10.35	Pedestrian
205	67	0.5	10.37	Pedestrian
206	67	0.5	10.37	Pedestrian
207	67	0.51	10.39	Pedestrian
208	67	0.51	10.41	Pedestrian
209	67	0.52	10.41	Pedestrian
210	67	0.52	10.43	Pedestrian
211	67	0.52	10.45	Pedestrian
212	67	0.52	10.45	Pedestrian
213	67	0.52	10.47	Pedestrian
214	67	0.53	10.49	Pedestrian
215	67	0.53	10.51	Pedestrian
216	67	0.53	10.51	Pedestrian
217	67	0.53	10.53	Pedestrian
218	67	0.54	10.55	Pedestrian
219	67	0.54	10.55	Pedestrian
220	67	0.54	10.57	Pedestrian
221	67	0.55	10.59	Pedestrian
222	67	0.55	10.615	Pedestrian
223	67	0.55	10.615	Pedestrian
224	67	0.55	10.635	Pedestrian
225	67	0.55	10.655	Pedestrian
226	67	0.55	10.655	Pedestrian
227	67	0.56	10.655	Pedestrian
228	67	0.66	10.655	Pedestrian
229	67	0.75	10.655	Pedestrian
230	67	0.84	10.655	Pedestrian
231	67	0.93	10.655	Pedestrian
232	67	1.02	10.655	Pedestrian
233	67	1.115	10.655	Pedestrian
234	67	1.21	10.655	Pedestrian
235	67	1.3	10.615	Pedestrian
236	67	1.39	10.615	Pedestrian
237	67	1.48	10.615	Pedestrian
238	67	1.57	10.615	Pedestrian
239	67	1.67	10.615	Pedestrian
240	67	1.76	10.615	Pedestrian
241	67	1.85	10.615	Pedestrian
242	67	1.94	10.57	Pedestrian
243	67	2.03	10.57	Pedestrian
244	67	2.125	10.57	Pedestrian
245	67	2.22	10.57	Pedestrian
246	67	2.29	10.57	Pedestrian
247	67	2.38	10.57	Pedestrian
248	67	2.47	10.57	Pedestrian
249	67	2.57	10.57	Pedestrian
250	67	2.66	10.53	Pedestrian
251	67	2.75	10.53	Pedestrian
252	67	2.84	10.53	Pedestrian
253	67	2.93	10.53	Pedestrian
254	67	3.02	10.53	Pedestrian
255	67	3.12	10.53	Pedestrian
256	67	3.21	10.53	Pedestrian
257	67	3.3	10.49	Pedestrian
258	67	3.39	10.49	Pedestrian
259	67	3.48	10.49	Pedestrian
260	67	3.58	10.49	Pedestrian
261	67	3.67	10.49	Pedestrian
262	67	3.76	10.49	Pedestrian
263	67	3.85	10.49	Pedestrian
264	67	3.94	10.49	Pedestrian
265	67	4.02	10.49	Pedestrian
266	67	4.11	10.49	Pedestrian
267	67	4.18	10.49	Pedestrian
268	67	4.27	10.49	Pedestrian
269	67	4.35	10.49	Pedestrian
270	67	4.44	10.49	Pedestrian
271	67	4.51	10.49	Pedestrian
272	67	4.6	10.49	Pedestrian
273	67	4.68	10.49	Pedestrian
274	67	4.77	10.49	Pedestrian
275	67	4.84	10.49	Pedestrian
276	67	4.93	10.49	Pedestrian
277	67	5.01	10.49	Pedestrian
278	67	5.1	10.49	Pedestrian
279	67	5.17	10.49	Pedestrian
280	67	5.26	10.49	Pedestrian
281	67	5.34	10.53	Pedestrian
282	67	5.39	10.53	Pedestrian
283	67	5.45	10.53	Pedestrian
284	67	5.5	10.53	Pedestrian
285	67	5.56	10.53	Pedestrian
286	67	5.595	10.57	Pedestrian
287	67	5.65	10.57	Pedestrian
288	67	5.705	10.57	Pedestrian
100	100	12.885	11.825	Pedestrian
101	100	12.885	11.825	Pedestrian
102	100	12.885	11.825	Pedestrian
103	100	12.885	11.825	Pedestrian
104	100	12.885	11.825	Pedestrian
105	100	12.885	11.825	Pedestrian
106	100	12.885	11.825	Pedestrian
107	100	12.885	11.825	Pedestrian
108	100	12.885	11.825	Pedestrian
109	100	12.885	11.825	Pedestrian
110	100	12.885	11.825	Pedestrian
111	100	12.885	11.825	Pedestrian
112	100	12.885	11.825	Pedestrian
113	100	12.885	11.825	Pedestrian
114	100	12.885	11.825	Pedestrian
115	100	12.885	11.825	Pedestrian
116	100	12.885	11.825	Pedestrian
117	100	12.885	11.825	Pedestrian
118	100	12.885	11.825	Pedestrian
119	100	12.885	11.825	Pedestrian
120	100	12.885	11.825	Pedestrian
121	100	12.885	11.825	Pedestrian
122	100	12.885	11.825	Pedestrian
123	100	12.885	11.825	Pedestrian
124	100	12.885	11.825	Pedestrian
125	100	12.885	11.825	Pedestrian
126	100	12.885	11.825	Pedestrian
127	100	12.885	11.825	Pedestrian
128	100	12.885	11.825	Pedestrian
129	100	12.885	11.825	Pedestrian
130	100	12.885	11.825	Pedestrian
131	100	12.885	11.825	Pedestrian
132	100	12.885	11.825	Pedestrian
133	100	12.885	11.825	Pedestrian
134	100	12.885	11.825	Pedestrian
135	100	12.885	11.825	Pedestrian
136	100	12.885	11.825	Pedestrian
137	100	12.81	11.785	Pedestrian
138	100	12.72	11.785	Pedestrian
139	100	12.625	11.785	Pedestrian
140	100	12.555	11.785	Pedestrian
141	100	12.465	11.785	Pedestrian
142	100	12.37	11.785	Pedestrian
143	100	12.295	11.785	Pedestrian
144	100	12.205	11.785	Pedestrian
145	100	12.115	11.785	Pedestrian
146	100	12.04	11.785	Pedestrian
147	100	11.945	11.785	Pedestrian
148	100	11.855	11.785	Pedestrian
149	100	11.785	11.765	Pedestrian
150	100	11.69	11.765	Pedestrian
151	100	11.6	11.765	Pedestrian
152	100	11.525	11.765	Pedestrian
153	100	11.435	11.765	Pedestrian
154	100	11.345	11.765	Pedestrian
155	100	11.27	11.765	Pedestrian
156	100	11.175	11.765	Pedestrian
157	100	11.085	11.765	Pedestrian
158	100	11.015	11.745	Pedestrian
159	100	10.92	11.745	Pedestrian
160	100	10.825	11.745	Pedestrian
161	100	10.755	11.745	Pedestrian
162	100	10.665	11.725	Pedestrian
163	100	10.57	11.725	Pedestrian
164	100	10.495	11.725	Pedestrian
165	100	10.405	11.725	Pedestrian
166	100	10.315	11.725	Pedestrian
167	100	10.24	11.725	Pedestrian
168	100	10.15	11.725	Pedestrian
169	100	10.055	11.725	Pedestrian
170	100	9.985	11.725	Pedestrian
171	100	9.895	11.725	Pedestrian
172	100	9.8	11.725	Pedestrian
173	100	9.725	11.725	Pedestrian
174	100	9.635	11.725	Pedestrian
175	100	9.545	11.705	Pedestrian
176	100	9.47	11.705	Pedestrian
177	100	9.375	11.705	Pedestrian
178	100	9.285	11.705	Pedestrian
179	100	9.215	11.685	Pedestrian
180	100	9.12	11.685	Pedestrian
181	100	9.03	11.685	Pedestrian
182	100	8.955	11.685	Pedestrian
183	100	8.865	11.685	Pedestrian
184	100	8.775	11.685	Pedestrian
185	100	8.695	11.685	Pedestrian
186	100	8.605	11.685	Pedestrian
187	100	8.515	11.685	Pedestrian
188	100	8.44	11.665	Pedestrian
189	100	8.35	11.665	Pedestrian
190	100	8.255	11.665	Pedestrian
191	100	8.185	11.665	Pedestrian
192	100	8.095	11.665	Pedestrian
193	100	8.0	11.665	Pedestrian
194	100	7.925	11.665	Pedestrian
195	100	7.835	11.665	Pedestrian
196	100	7.745	11.665	Pedestrian
197	100	7.67	11.665	Pedestrian
198	100	7.575	11.665	Pedestrian
199	100	7.485	11.665	Pedestrian
200	100	7.415	11.665	Pedestrian
201	100	7.32	11.665	Pedestrian
202	100	7.23	11.665	Pedestrian
203	100	7.135	11.665	Pedestrian
204	100	7.045	11.665	Pedestrian
205	100	6.955	11.665	Pedestrian
206	100	6.865	11.665	Pedestrian
207	100	6.77	11.685	Pedestrian
208	100	6.675	11.685	Pedestrian
209	100	6.585	11.685	Pedestrian
210	100	6.495	11.685	Pedestrian
211	100	6.405	11.685	Pedestrian
212	100	6.31	11.685	Pedestrian
213	100	6.22	11.705	Pedestrian
214	100	6.125	11.705	Pedestrian
215	100	6.035	11.705	Pedestrian
216	100	5.945	11.705	Pedestrian
217	100	5.855	11.725	Pedestrian
218	100	5.76	11.725	Pedestrian
219	100	5.665	11.745	Pedestrian
220	100	5.575	11.745	Pedestrian
221	100	5.485	11.745	Pedestrian
222	100	5.395	11.745	Pedestrian
223	100	5.3	11.745	Pedestrian
224	100	5.21	11.745	Pedestrian
225	100	5.115	11.745	Pedestrian
226	100	5.035	11.765	Pedestrian
227	100	4.945	11.765	Pedestrian
228	100	4.855	11.765	Pedestrian
229	100	4.76	11.765	Pedestrian
230	100	4.665	11.765	Pedestrian
231	100	4.575	11.765	Pedestrian
232	100	4.485	11.785	Pedestrian
233	100	4.395	11.785	Pedestrian
234	100	4.305	11.805	Pedestrian
235	100	4.205	11.805	Pedestrian
236	100	4.115	11.805	Pedestrian
237	100	4.025	11.805	Pedestrian
238	100	3.935	11.825	Pedestrian
239	100	3.845	11.825	Pedestrian
240	100	3.75	11.825	Pedestrian
241	100	3.655	11.825	Pedestrian
242	100	3.565	11.825	Pedestrian
243	100	3.475	11.825	Pedestrian
244	100	3.385	11.825	Pedestrian
245	100	3.295	11.845	Pedestrian
246	100	3.195	11.845	Pedestrian
247	100	3.105	11.845	Pedestrian
248	100	3.015	11.845	Pedestrian
249	100	2.925	11.845	Pedestrian
250	100	2.835	11.845	Pedestrian
251	100	2.755	11.845	Pedestrian
252	100	2.725	11.845	Pedestrian
253	100	2.665	11.845	Pedestrian
254	100	2.615	11.845	Pedestrian
255	100	2.575	11.845	Pedestrian
256	100	2.52	11.845	Pedestrian
257	100	2.465	11.845	Pedestrian
258	100	2.425	11.845	Pedestrian
259	100	2.375	11.845	Pedestrian
260	100	2.315	11.845	Pedestrian
261	100	2.285	11.845	Pedestrian
262	100	2.225	11.845	Pedestrian
263	100	2.175	11.845	Pedestrian
264	100	2.135	11.845	Pedestrian
265	100	2.075	11.845	Pedestrian
266	100	2.005	11.845	Pedestrian
267	100	1.855	11.845	Pedestrian
268	100	1.73	11.845	Pedestrian
269	100	1.605	11.845	Pedestrian
270	100	1.465	11.845	Pedestrian
271	100	1.335	11.845	Pedestrian
272	100	1.185	11.845	Pedestrian
273	100	1.06	11.845	Pedestrian
274	100	0.935	11.845	Pedestrian
275	100	0.795	11.845	Pedestrian
276	100	0.665	11.845	Pedestrian
277	100	0.525	11.845	Pedestrian
278	100	0.39	11.845	Pedestrian
279	100	0.28	11.885	Pedestrian
280	100	0.215	11.925	Pedestrian
281	100	0.145	11.925	Pedestrian
282	100	0.145	11.965	Pedestrian
283	100	0.145	11.965	Pedestrian
284	100	0.145	11.965	Pedestrian
285	100	0.145	11.965	Pedestrian
286	100	0.145	11.965	Pedestrian
287	100	0.145	11.965	Pedestrian
288	100	0.145	11.965	Pedestrian
100	101	12.49	9.335	Biker
101	101	12.49	9.295	Biker
102	101	12.49	9.295	Biker
103	101	12.49	9.295	Biker
104	101	12.49	9.295	Biker
105	101	12.505	9.295	Biker
106	101	12.505	9.295	Biker
107	101	12.505	9.295	Biker
108	101	12.505	9.295	Biker
109	101	12.525	9.295	Biker
110	101	12.525	9.295	Biker
111	101	12.525	9.295	Biker
112	101	12.525	9.295	Biker
113	101	12.545	9.295	Biker
114	101	12.545	9.295	Biker
115	101	12.545	9.295	Biker
116	101	12.545	9.295	Biker
117	101	12.565	9.255	Biker
118	101	12.565	9.255	Biker
119	101	12.565	9.255	Biker
120	101	12.565	9.255	Biker
121	101	12.585	9.255	Biker
122	101	12.585	9.255	Biker
123	101	12.585	9.255	Biker
124	101	12.585	9.255	Biker
125	101	12.6	9.255	Biker
126	101	12.6	9.255	Biker
127	101	12.6	9.255	Biker
128	101	12.6	9.255	Biker
129	101	12.615	9.255	Biker
130	101	12.615	9.255	Biker
131	101	12.615	9.255	Biker
132	101	12.615	9.255	Biker
133	101	12.635	9.215	Biker
134	101	12.635	9.215	Biker
135	101	12.635	9.215	Biker
136	101	12.635	9.215	Biker
137	101	12.655	9.215	Biker
138	101	12.655	9.215	Biker
139	101	12.655	9.215	Biker
140	101	12.655	9.215	Biker
141	101	12.675	9.215	Biker
142	101	12.675	9.215	Biker
143	101	12.675	9.215	Biker
144	101	12.675	9.215	Biker
145	101	12.695	9.215	Biker
146	101	12.695	9.215	Biker
147	101	12.695	9.215	Biker
148	101	12.695	9.215	Biker
149	101	12.71	9.175	Biker
150	101	12.71	9.175	Biker
151	101	12.71	9.175	Biker
152	101	12.71	9.175	Biker
153	101	12.725	9.175	Biker
154	101	12.725	9.175	Biker
155	101	12.725	9.175	Biker
156	101	12.725	9.175	Biker
157	101	12.745	9.175	Biker
158	101	12.745	9.175	Biker
159	101	12.745	9.175	Biker
160	101	12.745	9.175	Biker
161	101	12.765	9.175	Biker
162	101	12.765	9.175	Biker
163	101	12.765	9.175	Biker
164	101	12.765	9.175	Biker
165	101	12.785	9.135	Biker
166	101	12.785	9.135	Biker
167	101	12.785	9.135	Biker
168	101	12.785	9.135	Biker
169	101	12.785	9.135	Biker
170	101	12.805	9.135	Biker
171	101	12.805	9.135	Biker
172	101	12.805	9.135	Biker
173	101	12.805	9.135	Biker
174	101	12.82	9.135	Biker
175	101	12.82	9.135	Biker
176	101	12.82	9.135	Biker
177	101	12.82	9.135	Biker
178	101	12.835	9.135	Biker
179	101	12.835	9.135	Biker
180	101	12.835	9.135	Biker
181	101	12.835	9.135	Biker
182	101	12.585	9.135	Biker
183	101	12.265	9.135	Biker
184	101	11.935	9.155	Biker
185	101	11.605	9.155	Biker
186	101	11.275	9.155	Biker
187	101	10.965	9.175	Biker
188	101	10.635	9.175	Biker
189	101	10.305	9.175	Biker
190	101	9.975	9.215	Biker
191	101	9.625	9.215	Biker
192	101	9.275	9.215	Biker
193	101	8.945	9.215	Biker
194	101	8.595	9.215	Biker
195	101	8.265	9.215	Biker
196	101	7.915	9.215	Biker
197	101	7.565	9.215	Biker
198	101	7.235	9.215	Biker
199	101	6.89	9.215	Biker
200	101	6.555	9.215	Biker
201	101	6.21	9.215	Biker
202	101	5.865	9.215	Biker
203	101	5.515	9.215	Biker
204	101	5.165	9.215	Biker
205	101	4.815	9.215	Biker
206	101	4.465	9.215	Biker
207	101	4.125	9.215	Biker
208	101	3.775	9.215	Biker
209	101	3.425	9.235	Biker
210	101	3.08	9.235	Biker
211	101	2.73	9.235	Biker
212	101	2.385	9.235	Biker
213	101	2.045	9.235	Biker
214	101	1.695	9.235	Biker
215	101	1.345	9.235	Biker
216	101	0.995	9.235	Biker
217	101	0.645	9.235	Biker
218	101	0.415	9.315	Biker
219	101	0.245	9.395	Biker
220	101	0.245	9.395	Biker
221	101	0.245	9.395	Biker
222	101	0.245	9.395	Biker
223	101	0.245	9.395	Biker
224	101	0.245	9.395	Biker
225	101	0.245	9.395	Biker
226	101	0.245	9.395	Biker
227	101	0.245	9.395	Biker
228	101	0.245	9.395	Biker
229	101	0.245	9.395	Biker
230	101	0.245	9.395	Biker
231	101	0.245	9.395	Biker
232	101	0.245	9.395	Biker
233	101	0.245	9.395	Biker
234	101	0.245	9.395	Biker
235	101	0.245	9.395	Biker
236	101	0.245	9.395	Biker
237	101	0.245	9.395	Biker
238	101	0.245	9.395	Biker
239	101	0.245	9.395	Biker
240	101	0.245	9.395	Biker
241	101	0.245	9.395	Biker
242	101	0.245	9.395	Biker
243	101	0.245	9.395	Biker
244	101	0.245	9.395	Biker
245	101	0.245	9.395	Biker
246	101	0.245	9.395	Biker
247	101	0.245	9.395	Biker
248	101	0.245	9.395	Biker
249	101	0.245	9.395	Biker
250	101	0.245	9.395	Biker
251	101	0.245	9.395	Biker
252	101	0.245	9.395	Biker
253	101	0.245	9.395	Biker
254	101	0.245	9.395	Biker
255	101	0.245	9.395	Biker
256	101	0.245	9.395	Biker
257	101	0.245	9.395	Biker
258	101	0.245	9.395	Biker
259	101	0.245	9.395	Biker
260	101	0.245	9.395	Biker
261	101	0.245	9.395	Biker
262	101	0.245	9.395	Biker
263	101	0.245	9.395	Biker
264	101	0.245	9.395	Biker
265	101	0.245	9.395	Biker
266	101	0.245	9.395	Biker
267	101	0.245	9.395	Biker
268	101	0.245	9.395	Biker
269	101	0.245	9.395	Biker
270	101	0.245	9.395	Biker
271	101	0.245	9.395	Biker
272	101	0.245	9.395	Biker
273	101	0.245	9.395	Biker
274	101	0.245	9.395	Biker
275	101	0.245	9.395	Biker
276	101	0.245	9.395	Biker
277	101	0.245	9.395	Biker
278	101	0.245	9.395	Biker
279	101	0.245	9.395	Biker
280	101	0.245	9.395	Biker
281	101	0.245	9.395	Biker
282	101	0.245	9.395	Biker
283	101	0.245	9.395	Biker
284	101	0.245	9.395	Biker
285	101	0.245	9.395	Biker
286	101	0.245	9.395	Biker
287	101	0.245	9.395	Biker
288	101	0.245	9.395	Biker
100	102	12.71	8.705	Biker
101	102	12.695	8.705	Biker
102	102	12.695	8.705	Biker
103	102	12.695	8.705	Biker
104	102	12.695	8.705	Biker
105	102	12.695	8.705	Biker
106	102	12.695	8.705	Biker
107	102	12.695	8.705	Biker
108	102	12.675	8.705	Biker
109	102	12.675	8.705	Biker
110	102	12.675	8.705	Biker
111	102	12.675	8.705	Biker
112	102	12.675	8.705	Biker
113	102	12.675	8.705	Biker
114	102	12.675	8.725	Biker
115	102	12.655	8.725	Biker
116	102	12.655	8.745	Biker
117	102	12.655	8.745	Biker
118	102	12.655	8.745	Biker
119	102	12.655	8.745	Biker
120	102	12.655	8.745	Biker
121	102	12.655	8.745	Biker
122	102	12.635	8.745	Biker
123	102	12.635	8.745	Biker
124	102	12.635	8.745	Biker
125	102	12.635	8.745	Biker
126	102	12.635	8.745	Biker
127	102	12.635	8.765	Biker
128	102	12.635	8.765	Biker
129	102	12.615	8.765	Biker
130	102	12.615	8.765	Biker
131	102	12.615	8.765	Biker
132	102	12.615	8.785	Biker
133	102	12.615	8.785	Biker
134	102	12.615	8.785	Biker
135	102	12.615	8.785	Biker
136	102	12.6	8.785	Biker
137	102	12.6	8.785	Biker
138	102	12.6	8.785	Biker
139	102	12.6	8.785	Biker
140	102	12.6	8.805	Biker
141	102	12.6	8.805	Biker
142	102	12.6	8.805	Biker
143	102	12.585	8.805	Biker
144	102	12.585	8.805	Biker
145	102	12.585	8.805	Biker
146	102	12.585	8.805	Biker
147	102	12.585	8.805	Biker
148	102	12.585	8.825	Biker
149	102	12.585	8.825	Biker
150	102	12.585	8.825	Biker
151	102	12.565	8.825	Biker
152	102	12.565	8.825	Biker
153	102	12.565	8.845	Biker
154	102	12.565	8.845	Biker
155	102	12.565	8.845	Biker
156	102	12.565	8.845	Biker
157	102	12.565	8.845	Biker
158	102	12.545	8.845	Biker
159	102	12.545	8.845	Biker
160	102	12.545	8.845	Biker
161	102	12.545	8.845	Biker
162	102	12.545	8.845	Biker
163	102	12.545	8.865	Biker
164	102	12.545	8.865	Biker
165	102	12.525	8.865	Biker
166	102	12.525	8.885	Biker
167	102	12.525	8.885	Biker
168	102	12.525	8.885	Biker
169	102	12.525	8.885	Biker
170	102	12.525	8.885	Biker
171	102	12.525	8.885	Biker
172	102	12.505	8.885	Biker
173	102	12.505	8.885	Biker
174	102	12.505	8.885	Biker
175	102	12.505	8.885	Biker
176	102	12.505	8.885	Biker
177	102	12.505	8.885	Biker
178	102	12.505	8.885	Biker
179	102	12.36	8.925	Biker
180	102	12.015	8.925	Biker
181	102	11.685	8.925	Biker
182	102	11.335	8.925	Biker
183	102	10.985	8.975	Biker
184	102	10.655	8.975	Biker
185	102	10.305	8.975	Biker
186	102	9.955	9.015	Biker
187	102	9.605	9.015	Biker
188	102	9.275	9.015	Biker
189	102	8.925	9.015	Biker
190	102	8.58	9.015	Biker
191	102	8.23	9.015	Biker
192	102	7.9	9.015	Biker
193	102	7.55	8.975	Biker
194	102	7.205	8.975	Biker
195	102	6.855	8.975	Biker
196	102	6.525	8.975	Biker
197	102	6.175	8.925	Biker
198	102	5.825	8.925	Biker
199	102	5.475	8.925	Biker
200	102	5.145	8.925	Biker
201	102	4.795	8.905	Biker
202	102	4.445	8.905	Biker
203	102	4.095	8.905	Biker
204	102	3.755	8.885	Biker
205	102	3.41	8.885	Biker
206	102	3.065	8.885	Biker
207	102	2.735	8.89	Biker
208	102	2.385	8.89	Biker
209	102	2.035	8.89	Biker
210	102	1.695	8.89	Biker
211	102	1.345	8.87	Biker
212	102	0.995	8.87	Biker
213	102	0.655	8.87	Biker
214	102	0.365	8.85	Biker
215	102	0.25	8.805	Biker
216	102	0.165	8.805	Biker
217	102	0.165	8.805	Biker
218	102	0.165	8.805	Biker
219	102	0.165	8.805	Biker
220	102	0.165	8.805	Biker
221	102	0.165	8.805	Biker
222	102	0.165	8.805	Biker
223	102	0.165	8.805	Biker
224	102	0.165	8.805	Biker
225	102	0.165	8.805	Biker
226	102	0.165	8.805	Biker
227	102	0.165	8.805	Biker
228	102	0.165	8.805	Biker
229	102	0.165	8.805	Biker
230	102	0.165	8.805	Biker
231	102	0.165	8.805	Biker
232	102	0.165	8.805	Biker
233	102	0.165	8.805	Biker
234	102	0.165	8.805	Biker
235	102	0.165	8.805	Biker
236	102	0.165	8.805	Biker
237	102	0.165	8.805	Biker
238	102	0.165	8.805	Biker
239	102	0.165	8.805	Biker
240	102	0.165	8.805	Biker
241	102	0.165	8.805	Biker
242	102	0.165	8.805	Biker
243	102	0.165	8.805	Biker
244	102	0.165	8.805	Biker
245	102	0.165	8.805	Biker
246	102	0.165	8.805	Biker
247	102	0.165	8.805	Biker
248	102	0.165	8.805	Biker
249	102	0.165	8.805	Biker
250	102	0.165	8.805	Biker
251	102	0.165	8.805	Biker
252	102	0.165	8.805	Biker
253	102	0.165	8.805	Biker
254	102	0.165	8.805	Biker
255	102	0.165	8.805	Biker
256	102	0.165	8.805	Biker
257	102	0.165	8.805	Biker
258	102	0.165	8.805	Biker
259	102	0.165	8.805	Biker
260	102	0.165	8.805	Biker
261	102	0.165	8.805	Biker
262	102	0.165	8.805	Biker
263	102	0.165	8.805	Biker
264	102	0.165	8.805	Biker
265	102	0.165	8.805	Biker
266	102	0.165	8.805	Biker
267	102	0.165	8.805	Biker
268	102	0.165	8.805	Biker
269	102	0.165	8.805	Biker
270	102	0.165	8.805	Biker
271	102	0.165	8.805	Biker
272	102	0.165	8.805	Biker
273	102	0.165	8.805	Biker
274	102	0.165	8.805	Biker
275	102	0.165	8.805	Biker
276	102	0.165	8.805	Biker
277	102	0.165	8.805	Biker
278	102	0.165	8.805	Biker
279	102	0.165	8.805	Biker
280	102	0.165	8.805	Biker
281	102	0.165	8.805	Biker
282	102	0.165	8.805	Biker
283	102	0.165	8.805	Biker
284	102	0.165	8.805	Biker
285	102	0.165	8.805	Biker
286	102	0.165	8.805	Biker
287	102	0.165	8.805	Biker
288	102	0.165	8.805	Biker
200	103	10.16	12.15	Pedestrian
201	103	10.24	12.15	Pedestrian
202	103	10.33	12.15	Pedestrian
203	103	10.425	12.195	Pedestrian
204	103	10.515	12.195	Pedestrian
205	103	10.61	12.195	Pedestrian
206	103	10.7	12.235	Pedestrian
207	103	10.79	12.235	Pedestrian
208	103	10.88	12.235	Pedestrian
209	103	10.975	12.275	Pedestrian
210	103	11.05	12.235	Pedestrian
211	103	11.12	12.235	Pedestrian
212	103	11.215	12.235	Pedestrian
213	103	11.29	12.235	Pedestrian
214	103	11.38	12.235	Pedestrian
215	103	11.45	12.235	Pedestrian
216	103	11.525	12.235	Pedestrian
217	103	11.62	12.195	Pedestrian
218	103	11.69	12.195	Pedestrian
219	103	11.78	12.195	Pedestrian
220	103	11.855	12.195	Pedestrian
221	103	11.93	12.195	Pedestrian
222	103	12.02	12.195	Pedestrian
223	103	12.095	12.195	Pedestrian
224	103	12.19	12.195	Pedestrian
225	103	12.26	12.195	Pedestrian
226	103	12.35	12.195	Pedestrian
227	103	12.425	12.235	Pedestrian
228	103	12.5	12.275	Pedestrian
229	103	12.59	12.275	Pedestrian
230	103	12.665	12.315	Pedestrian
231	103	12.755	12.315	Pedestrian
232	103	12.83	12.355	Pedestrian
233	103	12.92	12.355	Pedestrian
234	103	12.985	12.395	Pedestrian
235	103	13.04	12.395	Pedestrian
236	103	13.095	12.435	Pedestrian
237	103	13.095	12.435	Pedestrian
238	103	13.095	12.435	Pedestrian
239	103	13.095	12.435	Pedestrian
240	103	13.095	12.435	Pedestrian
241	103	13.095	12.435	Pedestrian
242	103	13.095	12.435	Pedestrian
243	103	13.095	12.435	Pedestrian
244	103	13.095	12.435	Pedestrian
245	103	13.095	12.435	Pedestrian
246	103	13.095	12.435	Pedestrian
247	103	13.095	12.435	Pedestrian
248	103	13.095	12.435	Pedestrian
249	103	13.095	12.435	Pedestrian
250	103	13.095	12.435	Pedestrian
251	103	13.095	12.435	Pedestrian
252	103	13.095	12.435	Pedestrian
253	103	13.095	12.435	Pedestrian
254	103	13.095	12.435	Pedestrian
255	103	13.095	12.435	Pedestrian
256	103	13.095	12.435	Pedestrian
257	103	13.095	12.435	Pedestrian
258	103	13.095	12.435	Pedestrian
259	103	13.095	12.435	Pedestrian
260	103	13.095	12.435	Pedestrian
261	103	13.095	12.435	Pedestrian
262	103	13.095	12.435	Pedestrian
263	103	13.095	12.435	Pedestrian
264	103	13.095	12.435	Pedestrian
265	103	13.095	12.435	Pedestrian
266	103	13.095	12.435	Pedestrian
267	103	13.095	12.435	Pedestrian
268	103	13.095	12.435	Pedestrian
269	103	13.095	12.435	Pedestrian
270	103	13.095	12.435	Pedestrian
271	103	13.095	12.435	Pedestrian
272	103	13.095	12.435	Pedestrian
273	103	13.095	12.435	Pedestrian
274	103	13.095	12.435	Pedestrian
275	103	13.095	12.435	Pedestrian
276	103	13.095	12.435	Pedestrian
277	103	13.095	12.435	Pedestrian
278	103	13.095	12.435	Pedestrian
279	103	13.095	12.435	Pedestrian
280	103	13.095	12.435	Pedestrian
281	103	13.095	12.435	Pedestrian
282	103	13.095	12.435	Pedestrian
283	103	13.095	12.435	Pedestrian
284	103	13.095	12.435	Pedestrian
285	103	13.095	12.435	Pedestrian
286	103	13.095	12.435	Pedestrian
287	103	13.095	12.435	Pedestrian
288	103	13.095	12.435	Pedestrian
0	104	0.3	12.535	Pedestrian
1	104	0.29	12.495	Pedestrian
2	104	0.29	12.495	Pedestrian
3	104	0.29	12.495	Pedestrian
4	104	0.29	12.495	Pedestrian
5	104	0.29	12.495	Pedestrian
6	104	0.29	12.495	Pedestrian
7	104	0.29	12.495	Pedestrian
8	104	0.29	12.495	Pedestrian
9	104	0.29	12.495	Pedestrian
10	104	0.29	12.495	Pedestrian
11	104	0.29	12.495	Pedestrian
12	104	0.29	12.495	Pedestrian
13	104	0.29	12.495	Pedestrian
14	104	0.29	12.495	Pedestrian
15	104	0.29	12.495	Pedestrian
16	104	0.29	12.475	Pedestrian
17	104	0.29	12.475	Pedestrian
18	104	0.29	12.475	Pedestrian
19	104	0.29	12.475	Pedestrian
20	104	0.29	12.475	Pedestrian
21	104	0.29	12.455	Pedestrian
22	104	0.29	12.455	Pedestrian
23	104	0.29	12.455	Pedestrian
24	104	0.29	12.455	Pedestrian
25	104	0.29	12.455	Pedestrian
26	104	0.29	12.455	Pedestrian
27	104	0.29	12.455	Pedestrian
28	104	0.29	12.455	Pedestrian
29	104	0.29	12.455	Pedestrian
30	104	0.29	12.455	Pedestrian
31	104	0.29	12.455	Pedestrian
32	104	0.29	12.435	Pedestrian
33	104	0.29	12.435	Pedestrian
34	104	0.29	12.435	Pedestrian
35	104	0.29	12.435	Pedestrian
36	104	0.29	12.435	Pedestrian
37	104	0.29	12.435	Pedestrian
38	104	0.29	12.435	Pedestrian
39	104	0.29	12.435	Pedestrian
40	104	0.29	12.435	Pedestrian
41	104	0.29	12.435	Pedestrian
42	104	0.29	12.415	Pedestrian
43	104	0.29	12.415	Pedestrian
44	104	0.29	12.415	Pedestrian
45	104	0.29	12.415	Pedestrian
46	104	0.29	12.415	Pedestrian
47	104	0.29	12.395	Pedestrian
48	104	0.29	12.395	Pedestrian
49	104	0.29	12.395	Pedestrian
50	104	0.29	12.395	Pedestrian
51	104	0.29	12.395	Pedestrian
52	104	0.29	12.395	Pedestrian
53	104	0.29	12.395	Pedestrian
54	104	0.29	12.395	Pedestrian
55	104	0.29	12.395	Pedestrian
56	104	0.29	12.395	Pedestrian
57	104	0.29	12.395	Pedestrian
58	104	0.29	12.395	Pedestrian
59	104	0.29	12.395	Pedestrian
60	104	0.29	12.395	Pedestrian
61	104	0.29	12.395	Pedestrian
62	104	0.29	12.395	Pedestrian
63	104	0.305	12.395	Pedestrian
64	104	0.335	12.395	Pedestrian
65	104	0.355	12.395	Pedestrian
66	104	0.39	12.395	Pedestrian
67	104	0.48	12.395	Pedestrian
68	104	0.575	12.395	Pedestrian
69	104	0.665	12.395	Pedestrian
70	104	0.755	12.395	Pedestrian
71	104	0.85	12.395	Pedestrian
72	104	0.94	12.395	Pedestrian
73	104	1.035	12.355	Pedestrian
74	104	1.125	12.315	Pedestrian
75	104	1.215	12.275	Pedestrian
76	104	1.325	12.275	Pedestrian
77	104	1.42	12.235	Pedestrian
78	104	1.51	12.235	Pedestrian
79	104	1.6	12.235	Pedestrian
80	104	1.695	12.235	Pedestrian
81	104	1.785	12.235	Pedestrian
82	104	1.875	12.235	Pedestrian
83	104	1.97	12.235	Pedestrian
84	104	2.06	12.235	Pedestrian
85	104	2.135	12.235	Pedestrian
86	104	2.225	12.275	Pedestrian
87	104	2.315	12.295	Pedestrian
88	104	2.41	12.315	Pedestrian
89	104	2.5	12.335	Pedestrian
90	104	2.595	12.375	Pedestrian
91	104	2.685	12.335	Pedestrian
92	104	2.775	12.335	Pedestrian
93	104	2.87	12.335	Pedestrian
94	104	2.96	12.295	Pedestrian
95	104	3.055	12.295	Pedestrian
96	104	3.145	12.295	Pedestrian
97	104	3.215	12.295	Pedestrian
98	104	3.29	12.335	Pedestrian
99	104	3.365	12.375	Pedestrian
100	104	3.435	12.415	Pedestrian
101	104	3.51	12.395	Pedestrian
102	104	3.595	12.395	Pedestrian
103	104	3.675	12.375	Pedestrian
104	104	3.765	12.395	Pedestrian
105	104	3.845	12.375	Pedestrian
106	104	3.925	12.375	Pedestrian
107	104	4.015	12.375	Pedestrian
108	104	4.095	12.375	Pedestrian
109	104	4.18	12.355	Pedestrian
110	104	4.265	12.375	Pedestrian
111	104	4.345	12.355	Pedestrian
112	104	4.43	12.355	Pedestrian
113	104	4.52	12.355	Pedestrian
114	104	4.6	12.355	Pedestrian
115	104	4.68	12.335	Pedestrian
116	104	4.77	12.355	Pedestrian
117	104	4.85	12.355	Pedestrian
118	104	4.93	12.335	Pedestrian
119	104	5.03	12.335	Pedestrian
120	104	5.1	12.355	Pedestrian
121	104	5.17	12.355	Pedestrian
122	104	5.26	12.355	Pedestrian
123	104	5.34	12.355	Pedestrian
124	104	5.41	12.355	Pedestrian
125	104	5.485	12.355	Pedestrian
126	104	5.58	12.355	Pedestrian
127	104	5.65	12.355	Pedestrian
128	104	5.72	12.355	Pedestrian
129	104	5.82	12.395	Pedestrian
130	104	5.89	12.395	Pedestrian
131	104	5.96	12.395	Pedestrian
132	104	6.05	12.395	Pedestrian
133	104	6.13	12.395	Pedestrian
134	104	6.2	12.395	Pedestrian
135	104	6.29	12.395	Pedestrian
136	104	6.37	12.395	Pedestrian
137	104	6.44	12.395	Pedestrian
138	104	6.53	12.435	Pedestrian
139	104	6.62	12.395	Pedestrian
140	104	6.715	12.395	Pedestrian
141	104	6.83	12.395	Pedestrian
142	104	6.92	12.395	Pedestrian
143	104	7.03	12.395	Pedestrian
144	104	7.12	12.395	Pedestrian
145	104	7.23	12.395	Pedestrian
146	104	7.32	12.395	Pedestrian
147	104	7.43	12.395	Pedestrian
148	104	7.52	12.395	Pedestrian
149	104	7.615	12.395	Pedestrian
150	104	7.71	12.355	Pedestrian
151	104	7.78	12.355	Pedestrian
152	104	7.85	12.355	Pedestrian
153	104	7.95	12.355	Pedestrian
154	104	8.02	12.355	Pedestrian
155	104	8.09	12.355	Pedestrian
156	104	8.18	12.355	Pedestrian
157	104	8.26	12.355	Pedestrian
158	104	8.33	12.315	Pedestrian
159	104	8.4	12.315	Pedestrian
160	104	8.5	12.315	Pedestrian
161	104	8.57	12.315	Pedestrian
162	104	8.64	12.315	Pedestrian
163	104	8.72	12.315	Pedestrian
164	104	8.81	12.315	Pedestrian
165	104	8.88	12.315	Pedestrian
166	104	8.955	12.275	Pedestrian
167	104	9.05	12.275	Pedestrian
168	104	9.12	12.275	Pedestrian
169	104	9.19	12.275	Pedestrian
170	104	9.29	12.275	Pedestrian
171	104	9.36	12.235	Pedestrian
172	104	9.45	12.235	Pedestrian
173	104	9.52	12.235	Pedestrian
174	104	9.62	12.235	Pedestrian
175	104	9.69	12.235	Pedestrian
176	104	9.76	12.195	Pedestrian
177	104	9.855	12.195	Pedestrian
178	104	9.93	12.195	Pedestrian
179	104	10.02	12.195	Pedestrian
180	104	10.09	12.195	Pedestrian
181	104	10.17	12.195	Pedestrian
182	104	10.26	12.195	Pedestrian
183	104	10.33	12.195	Pedestrian
184	104	10.42	12.195	Pedestrian
185	104	10.5	12.235	Pedestrian
186	104	10.59	12.235	Pedestrian
187	104	10.66	12.235	Pedestrian
188	104	10.74	12.275	Pedestrian
189	104	10.83	12.275	Pedestrian
190	104	10.9	12.275	Pedestrian
191	104	10.99	12.275	Pedestrian
192	104	11.07	12.315	Pedestrian
193	104	11.16	12.315	Pedestrian
194	104	11.23	12.315	Pedestrian
195	104	11.31	12.355	Pedestrian
196	104	11.38	12.355	Pedestrian
197	104	11.43	12.355	Pedestrian
198	104	11.51	12.355	Pedestrian
199	104	11.56	12.355	Pedestrian
200	104	11.64	12.395	Pedestrian
201	104	11.7	12.395	Pedestrian
202	104	11.77	12.395	Pedestrian
203	104	11.84	12.395	Pedestrian
204	104	11.91	12.435	Pedestrian
205	104	11.975	12.435	Pedestrian
206	104	12.05	12.435	Pedestrian
207	104	12.115	12.475	Pedestrian
208	104	12.185	12.475	Pedestrian
209	104	12.255	12.475	Pedestrian
210	104	12.345	12.515	Pedestrian
211	104	12.475	12.515	Pedestrian
212	104	12.585	12.515	Pedestrian
213	104	12.695	12.515	Pedestrian
214	104	12.82	12.515	Pedestrian
215	104	12.915	12.555	Pedestrian
216	104	12.945	12.555	Pedestrian
217	104	13.005	12.555	Pedestrian
218	104	13.05	12.515	Pedestrian
219	104	13.05	12.515	Pedestrian
220	104	13.05	12.515	Pedestrian
221	104	13.05	12.515	Pedestrian
222	104	13.05	12.515	Pedestrian
223	104	13.05	12.515	Pedestrian
224	104	13.05	12.515	Pedestrian
225	104	13.05	12.515	Pedestrian
226	104	13.05	12.515	Pedestrian
227	104	13.05	12.515	Pedestrian
228	104	13.05	12.515	Pedestrian
229	104	13.05	12.515	Pedestrian
230	104	13.05	12.515	Pedestrian
231	104	13.05	12.515	Pedestrian
232	104	13.05	12.515	Pedestrian
233	104	13.05	12.515	Pedestrian
234	104	13.05	12.515	Pedestrian
235	104	13.05	12.515	Pedestrian
236	104	13.05	12.515	Pedestrian
237	104	13.05	12.515	Pedestrian
238	104	13.05	12.515	Pedestrian
239	104	13.05	12.515	Pedestrian
240	104	13.05	12.515	Pedestrian
241	104	13.05	12.515	Pedestrian
242	104	13.05	12.515	Pedestrian
243	104	13.05	12.515	Pedestrian
244	104	13.05	12.515	Pedestrian
245	104	13.05	12.515	Pedestrian
246	104	13.05	12.515	Pedestrian
247	104	13.05	12.515	Pedestrian
248	104	13.05	12.515	Pedestrian
249	104	13.05	12.515	Pedestrian
250	104	13.05	12.515	Pedestrian
251	104	13.05	12.515	Pedestrian
252	104	13.05	12.515	Pedestrian
253	104	13.05	12.515	Pedestrian
254	104	13.05	12.515	Pedestrian
255	104	13.05	12.515	Pedestrian
256	104	13.05	12.515	Pedestrian
257	104	13.05	12.515	Pedestrian
258	104	13.05	12.515	Pedestrian
259	104	13.05	12.515	Pedestrian
260	104	13.05	12.515	Pedestrian
261	104	13.05	12.515	Pedestrian
262	104	13.05	12.515	Pedestrian
263	104	13.05	12.515	Pedestrian
264	104	13.05	12.515	Pedestrian
265	104	13.05	12.515	Pedestrian
266	104	13.05	12.515	Pedestrian
267	104	13.05	12.515	Pedestrian
268	104	13.05	12.515	Pedestrian
269	104	13.05	12.515	Pedestrian
270	104	13.05	12.515	Pedestrian
271	104	13.05	12.515	Pedestrian
272	104	13.05	12.515	Pedestrian
273	104	13.05	12.515	Pedestrian
274	104	13.05	12.515	Pedestrian
275	104	13.05	12.515	Pedestrian
276	104	13.05	12.515	Pedestrian
277	104	13.05	12.515	Pedestrian
278	104	13.05	12.515	Pedestrian
279	104	13.05	12.515	Pedestrian
280	104	13.05	12.515	Pedestrian
281	104	13.05	12.515	Pedestrian
282	104	13.05	12.515	Pedestrian
283	104	13.05	12.515	Pedestrian
284	104	13.05	12.515	Pedestrian
285	104	13.05	12.515	Pedestrian
286	104	13.05	12.515	Pedestrian
287	104	13.05	12.515	Pedestrian
288	104	13.05	12.515	Pedestrian
200	105	12.775	8.565	Biker
201	105	12.775	8.565	Biker
202	105	12.775	8.565	Biker
203	105	12.775	8.565	Biker
204	105	12.775	8.565	Biker
205	105	12.775	8.565	Biker
206	105	12.775	8.565	Biker
207	105	12.775	8.565	Biker
208	105	12.775	8.565	Biker
209	105	12.775	8.565	Biker
210	105	12.775	8.565	Biker
211	105	12.775	8.565	Biker
212	105	12.775	8.565	Biker
213	105	12.775	8.565	Biker
214	105	12.775	8.565	Biker
215	105	12.775	8.565	Biker
216	105	12.775	8.565	Biker
217	105	12.775	8.565	Biker
218	105	12.775	8.565	Biker
219	105	12.775	8.565	Biker
220	105	12.775	8.565	Biker
221	105	12.775	8.565	Biker
222	105	12.46	8.565	Biker
223	105	12.15	8.565	Biker
224	105	11.855	8.605	Biker
225	105	11.545	8.605	Biker
226	105	11.23	8.605	Biker
227	105	10.94	8.645	Biker
228	105	10.625	8.645	Biker
229	105	10.33	8.645	Biker
230	105	10.02	8.685	Biker
231	105	9.71	8.685	Biker
232	105	9.415	8.725	Biker
233	105	9.1	8.725	Biker
234	105	8.81	8.725	Biker
235	105	8.495	8.765	Biker
236	105	8.185	8.765	Biker
237	105	7.89	8.765	Biker
238	105	7.58	8.805	Biker
239	105	7.265	8.805	Biker
240	105	6.97	8.805	Biker
241	105	6.66	8.845	Biker
242	105	6.365	8.845	Biker
243	105	6.055	8.845	Biker
244	105	5.74	8.845	Biker
245	105	5.45	8.845	Biker
246	105	5.135	8.845	Biker
247	105	4.825	8.845	Biker
248	105	4.53	8.845	Biker
249	105	4.22	8.805	Biker
250	105	3.895	8.805	Biker
251	105	3.575	8.805	Biker
252	105	3.265	8.805	Biker
253	105	2.94	8.805	Biker
254	105	2.63	8.805	Biker
255	105	2.305	8.805	Biker
256	105	1.995	8.805	Biker
257	105	1.685	8.805	Biker
258	105	1.365	8.805	Biker
259	105	1.045	8.805	Biker
260	105	0.73	8.805	Biker
261	105	0.405	8.805	Biker
262	105	0.155	8.805	Biker
263	105	0.11	8.805	Biker
264	105	0.09	8.845	Biker
265	105	0.09	8.845	Biker
266	105	0.09	8.845	Biker
267	105	0.09	8.845	Biker
268	105	0.09	8.845	Biker
269	105	0.09	8.845	Biker
270	105	0.09	8.845	Biker
271	105	0.09	8.845	Biker
272	105	0.09	8.845	Biker
273	105	0.09	8.845	Biker
274	105	0.09	8.845	Biker
275	105	0.09	8.845	Biker
276	105	0.09	8.845	Biker
277	105	0.09	8.845	Biker
278	105	0.09	8.845	Biker
279	105	0.09	8.845	Biker
280	105	0.09	8.845	Biker
281	105	0.09	8.845	Biker
282	105	0.09	8.845	Biker
283	105	0.09	8.845	Biker
284	105	0.09	8.845	Biker
285	105	0.09	8.845	Biker
286	105	0.09	8.845	Biker
287	105	0.09	8.845	Biker
288	105	0.09	8.845	Biker
200	106	8.155	18.415	Biker
201	106	8.155	18.415	Biker
202	106	8.155	18.415	Biker
203	106	8.155	18.415	Biker
204	106	8.155	18.415	Biker
205	106	8.155	18.415	Biker
206	106	8.155	18.415	Biker
207	106	8.155	18.415	Biker
208	106	8.155	18.415	Biker
209	106	8.155	18.415	Biker
210	106	8.155	18.415	Biker
211	106	8.155	18.415	Biker
212	106	8.155	18.415	Biker
213	106	8.155	18.415	Biker
214	106	8.155	18.415	Biker
215	106	8.155	18.415	Biker
216	106	8.155	18.415	Biker
217	106	8.155	18.415	Biker
218	106	8.155	18.415	Biker
219	106	8.155	18.415	Biker
220	106	8.155	18.415	Biker
221	106	8.155	18.415	Biker
222	106	8.155	18.415	Biker
223	106	8.155	18.455	Biker
224	106	8.175	18.535	Biker
225	106	8.195	18.615	Biker
226	106	8.2	18.695	Biker
227	106	8.22	18.775	Biker
228	106	8.275	18.815	Biker
229	106	8.55	18.695	Biker
230	106	8.81	18.575	Biker
231	106	9.085	18.455	Biker
232	106	9.34	18.355	Biker
233	106	9.6	18.21	Biker
234	106	9.87	18.085	Biker
235	106	10.13	17.965	Biker
236	106	10.405	17.845	Biker
237	106	10.61	17.805	Biker
238	106	10.81	17.765	Biker
239	106	10.99	17.765	Biker
240	106	11.195	17.725	Biker
241	106	11.38	17.685	Biker
242	106	11.58	17.645	Biker
243	106	11.765	17.645	Biker
244	106	11.97	17.605	Biker
245	106	12.17	17.56	Biker
246	106	12.39	17.54	Biker
247	106	12.62	17.5	Biker
248	106	12.855	17.46	Biker
249	106	12.995	17.46	Biker
250	106	12.995	17.46	Biker
251	106	12.995	17.46	Biker
252	106	12.995	17.46	Biker
253	106	12.995	17.46	Biker
254	106	12.995	17.46	Biker
255	106	12.995	17.46	Biker
256	106	12.995	17.46	Biker
257	106	12.995	17.46	Biker
258	106	12.995	17.46	Biker
259	106	12.995	17.46	Biker
260	106	12.995	17.46	Biker
261	106	12.995	17.46	Biker
262	106	12.995	17.46	Biker
263	106	12.995	17.46	Biker
264	106	12.995	17.46	Biker
265	106	12.995	17.46	Biker
266	106	12.995	17.46	Biker
267	106	12.995	17.46	Biker
268	106	12.995	17.46	Biker
269	106	12.995	17.46	Biker
270	106	12.995	17.46	Biker
271	106	12.995	17.46	Biker
272	106	12.995	17.46	Biker
273	106	12.995	17.46	Biker
274	106	12.995	17.46	Biker
275	106	12.995	17.46	Biker
276	106	12.995	17.46	Biker
277	106	12.995	17.46	Biker
278	106	12.995	17.46	Biker
279	106	12.995	17.46	Biker
280	106	12.995	17.46	Biker
281	106	12.995	17.46	Biker
282	106	12.995	17.46	Biker
283	106	12.995	17.46	Biker
284	106	12.995	17.46	Biker
285	106	12.995	17.46	Biker
286	106	12.995	17.46	Biker
287	106	12.995	17.46	Biker
288	106	12.995	17.46	Biker
0	108	0.3	12.355	Pedestrian
1	108	0.29	12.315	Pedestrian
2	108	0.29	12.315	Pedestrian
3	108	0.29	12.315	Pedestrian
4	108	0.29	12.315	Pedestrian
5	108	0.29	12.315	Pedestrian
6	108	0.29	12.315	Pedestrian
7	108	0.29	12.315	Pedestrian
8	108	0.29	12.315	Pedestrian
9	108	0.29	12.315	Pedestrian
10	108	0.29	12.315	Pedestrian
11	108	0.29	12.315	Pedestrian
12	108	0.29	12.315	Pedestrian
13	108	0.29	12.315	Pedestrian
14	108	0.29	12.315	Pedestrian
15	108	0.29	12.315	Pedestrian
16	108	0.29	12.315	Pedestrian
17	108	0.29	12.315	Pedestrian
18	108	0.29	12.315	Pedestrian
19	108	0.29	12.315	Pedestrian
20	108	0.29	12.315	Pedestrian
21	108	0.29	12.295	Pedestrian
22	108	0.29	12.295	Pedestrian
23	108	0.29	12.295	Pedestrian
24	108	0.29	12.295	Pedestrian
25	108	0.29	12.295	Pedestrian
26	108	0.29	12.295	Pedestrian
27	108	0.29	12.295	Pedestrian
28	108	0.29	12.275	Pedestrian
29	108	0.29	12.275	Pedestrian
30	108	0.29	12.275	Pedestrian
31	108	0.29	12.275	Pedestrian
32	108	0.29	12.275	Pedestrian
33	108	0.29	12.275	Pedestrian
34	108	0.29	12.275	Pedestrian
35	108	0.29	12.275	Pedestrian
36	108	0.29	12.275	Pedestrian
37	108	0.29	12.275	Pedestrian
38	108	0.29	12.275	Pedestrian
39	108	0.29	12.275	Pedestrian
40	108	0.29	12.275	Pedestrian
41	108	0.29	12.275	Pedestrian
42	108	0.29	12.255	Pedestrian
43	108	0.29	12.255	Pedestrian
44	108	0.29	12.255	Pedestrian
45	108	0.29	12.255	Pedestrian
46	108	0.29	12.255	Pedestrian
47	108	0.29	12.255	Pedestrian
48	108	0.29	12.255	Pedestrian
49	108	0.29	12.255	Pedestrian
50	108	0.29	12.255	Pedestrian
51	108	0.29	12.255	Pedestrian
52	108	0.29	12.255	Pedestrian
53	108	0.29	12.255	Pedestrian
54	108	0.29	12.255	Pedestrian
55	108	0.29	12.235	Pedestrian
56	108	0.29	12.235	Pedestrian
57	108	0.29	12.235	Pedestrian
58	108	0.29	12.235	Pedestrian
59	108	0.29	12.235	Pedestrian
60	108	0.29	12.235	Pedestrian
61	108	0.29	12.235	Pedestrian
62	108	0.29	12.215	Pedestrian
63	108	0.29	12.215	Pedestrian
64	108	0.29	12.215	Pedestrian
65	108	0.29	12.215	Pedestrian
66	108	0.29	12.215	Pedestrian
67	108	0.29	12.215	Pedestrian
68	108	0.29	12.215	Pedestrian
69	108	0.29	12.215	Pedestrian
70	108	0.29	12.215	Pedestrian
71	108	0.29	12.215	Pedestrian
72	108	0.29	12.215	Pedestrian
73	108	0.29	12.215	Pedestrian
74	108	0.29	12.215	Pedestrian
75	108	0.29	12.215	Pedestrian
76	108	0.29	12.215	Pedestrian
77	108	0.29	12.215	Pedestrian
78	108	0.29	12.215	Pedestrian
79	108	0.29	12.215	Pedestrian
80	108	0.29	12.215	Pedestrian
81	108	0.29	12.215	Pedestrian
82	108	0.29	12.215	Pedestrian
83	108	0.325	12.215	Pedestrian
84	108	0.4	12.215	Pedestrian
85	108	0.455	12.215	Pedestrian
86	108	0.525	12.215	Pedestrian
87	108	0.585	12.215	Pedestrian
88	108	0.655	12.215	Pedestrian
89	108	0.71	12.215	Pedestrian
90	108	0.785	12.215	Pedestrian
91	108	0.875	12.255	Pedestrian
92	108	0.965	12.255	Pedestrian
93	108	1.075	12.255	Pedestrian
94	108	1.17	12.255	Pedestrian
95	108	1.265	12.255	Pedestrian
96	108	1.375	12.255	Pedestrian
97	108	1.465	12.255	Pedestrian
98	108	1.555	12.255	Pedestrian
99	108	1.645	12.215	Pedestrian
100	108	1.72	12.215	Pedestrian
101	108	1.795	12.195	Pedestrian
102	108	1.875	12.195	Pedestrian
103	108	1.96	12.215	Pedestrian
104	108	2.045	12.215	Pedestrian
105	108	2.135	12.215	Pedestrian
106	108	2.205	12.235	Pedestrian
107	108	2.29	12.235	Pedestrian
108	108	2.385	12.235	Pedestrian
109	108	2.455	12.255	Pedestrian
110	108	2.545	12.255	Pedestrian
111	108	2.625	12.275	Pedestrian
112	108	2.705	12.275	Pedestrian
113	108	2.795	12.275	Pedestrian
114	108	2.865	12.295	Pedestrian
115	108	2.96	12.295	Pedestrian
116	108	3.055	12.295	Pedestrian
117	108	3.145	12.295	Pedestrian
118	108	3.235	12.295	Pedestrian
119	108	3.31	12.295	Pedestrian
120	108	3.4	12.295	Pedestrian
121	108	3.495	12.295	Pedestrian
122	108	3.585	12.295	Pedestrian
123	108	3.675	12.295	Pedestrian
124	108	3.75	12.295	Pedestrian
125	108	3.845	12.295	Pedestrian
126	108	3.935	12.295	Pedestrian
127	108	4.025	12.295	Pedestrian
128	108	4.115	12.295	Pedestrian
129	108	4.19	12.295	Pedestrian
130	108	4.285	12.295	Pedestrian
131	108	4.375	12.295	Pedestrian
132	108	4.465	12.295	Pedestrian
133	108	4.555	12.295	Pedestrian
134	108	4.63	12.255	Pedestrian
135	108	4.725	12.255	Pedestrian
136	108	4.795	12.255	Pedestrian
137	108	4.87	12.255	Pedestrian
138	108	4.965	12.255	Pedestrian
139	108	5.035	12.255	Pedestrian
140	108	5.125	12.255	Pedestrian
141	108	5.2	12.215	Pedestrian
142	108	5.275	12.215	Pedestrian
143	108	5.365	12.215	Pedestrian
144	108	5.44	12.215	Pedestrian
145	108	5.53	12.215	Pedestrian
146	108	5.605	12.215	Pedestrian
147	108	5.675	12.175	Pedestrian
148	108	5.77	12.175	Pedestrian
149	108	5.845	12.175	Pedestrian
150	108	5.935	12.175	Pedestrian
151	108	6.005	12.175	Pedestrian
152	108	6.085	12.175	Pedestrian
153	108	6.175	12.175	Pedestrian
154	108	6.245	12.175	Pedestrian
155	108	6.34	12.175	Pedestrian
156	108	6.43	12.175	Pedestrian
157	108	6.525	12.175	Pedestrian
158	108	6.595	12.175	Pedestrian
159	108	6.685	12.175	Pedestrian
160	108	6.78	12.175	Pedestrian
161	108	6.875	12.215	Pedestrian
162	108	6.965	12.215	Pedestrian
163	108	7.035	12.215	Pedestrian
164	108	7.125	12.215	Pedestrian
165	108	7.22	12.215	Pedestrian
166	108	7.315	12.215	Pedestrian
167	108	7.385	12.215	Pedestrian
168	108	7.475	12.215	Pedestrian
169	108	7.57	12.255	Pedestrian
170	108	7.66	12.255	Pedestrian
171	108	7.755	12.255	Pedestrian
172	108	7.825	12.255	Pedestrian
173	108	7.915	12.255	Pedestrian
174	108	8.01	12.255	Pedestrian
175	108	8.105	12.255	Pedestrian
176	108	8.195	12.295	Pedestrian
177	108	8.265	12.295	Pedestrian
178	108	8.34	12.295	Pedestrian
179	108	8.415	12.295	Pedestrian
180	108	8.505	12.295	Pedestrian
181	108	8.58	12.295	Pedestrian
182	108	8.655	12.295	Pedestrian
183	108	8.745	12.295	Pedestrian
184	108	8.815	12.295	Pedestrian
185	108	8.89	12.295	Pedestrian
186	108	8.985	12.295	Pedestrian
187	108	9.055	12.335	Pedestrian
188	108	9.13	12.335	Pedestrian
189	108	9.225	12.335	Pedestrian
190	108	9.295	12.335	Pedestrian
191	108	9.365	12.335	Pedestrian
192	108	9.46	12.335	Pedestrian
193	108	9.535	12.335	Pedestrian
194	108	9.605	12.335	Pedestrian
195	108	9.7	12.335	Pedestrian
196	108	9.775	12.335	Pedestrian
197	108	9.825	12.375	Pedestrian
198	108	9.825	12.375	Pedestrian
199	108	9.825	12.375	Pedestrian
200	108	9.825	12.375	Pedestrian
201	108	9.825	12.375	Pedestrian
202	108	9.825	12.375	Pedestrian
203	108	9.825	12.375	Pedestrian
204	108	9.825	12.375	Pedestrian
205	108	9.825	12.375	Pedestrian
206	108	9.825	12.375	Pedestrian
0	109	12.34	8.4	Biker
1	109	12.34	8.4	Biker
2	109	12.34	8.4	Biker
3	109	12.34	8.4	Biker
4	109	12.34	8.4	Biker
5	109	12.34	8.4	Biker
6	109	12.34	8.4	Biker
7	109	12.34	8.4	Biker
8	109	12.34	8.4	Biker
9	109	12.34	8.4	Biker
10	109	12.34	8.4	Biker
11	109	12.34	8.4	Biker
12	109	12.34	8.4	Biker
13	109	12.34	8.4	Biker
14	109	12.34	8.4	Biker
15	109	12.34	8.4	Biker
16	109	12.34	8.4	Biker
17	109	12.34	8.4	Biker
18	109	12.34	8.4	Biker
19	109	12.34	8.4	Biker
20	109	12.34	8.4	Biker
21	109	12.34	8.4	Biker
22	109	12.34	8.4	Biker
23	109	12.34	8.4	Biker
24	109	12.34	8.4	Biker
25	109	12.34	8.4	Biker
26	109	12.34	8.4	Biker
27	109	12.34	8.4	Biker
28	109	12.34	8.4	Biker
29	109	12.34	8.4	Biker
30	109	12.34	8.4	Biker
31	109	12.34	8.4	Biker
32	109	12.34	8.4	Biker
33	109	12.34	8.4	Biker
34	109	12.34	8.4	Biker
35	109	12.34	8.4	Biker
36	109	12.34	8.4	Biker
37	109	12.34	8.4	Biker
38	109	12.34	8.4	Biker
39	109	12.34	8.4	Biker
40	109	12.34	8.4	Biker
41	109	12.34	8.4	Biker
42	109	12.34	8.4	Biker
43	109	12.34	8.4	Biker
44	109	12.34	8.4	Biker
45	109	12.34	8.4	Biker
46	109	12.34	8.4	Biker
47	109	12.34	8.4	Biker
48	109	12.34	8.4	Biker
49	109	12.34	8.4	Biker
50	109	12.34	8.4	Biker
51	109	12.34	8.4	Biker
52	109	12.34	8.4	Biker
53	109	12.34	8.4	Biker
54	109	12.34	8.4	Biker
55	109	12.34	8.4	Biker
56	109	12.34	8.4	Biker
57	109	12.34	8.4	Biker
58	109	12.34	8.4	Biker
59	109	12.34	8.4	Biker
60	109	12.34	8.4	Biker
61	109	12.34	8.4	Biker
62	109	12.34	8.4	Biker
63	109	12.34	8.4	Biker
64	109	12.34	8.4	Biker
65	109	12.34	8.4	Biker
66	109	12.34	8.4	Biker
67	109	12.34	8.4	Biker
68	109	12.34	8.4	Biker
69	109	12.34	8.4	Biker
70	109	12.34	8.4	Biker
71	109	12.34	8.4	Biker
72	109	12.34	8.4	Biker
73	109	12.34	8.4	Biker
74	109	12.34	8.4	Biker
75	109	12.34	8.4	Biker
76	109	12.34	8.4	Biker
77	109	12.34	8.4	Biker
78	109	12.34	8.4	Biker
79	109	12.34	8.4	Biker
80	109	12.34	8.4	Biker
81	109	12.34	8.4	Biker
82	109	12.34	8.4	Biker
83	109	12.34	8.4	Biker
84	109	12.34	8.4	Biker
85	109	12.34	8.4	Biker
86	109	12.34	8.4	Biker
87	109	12.34	8.4	Biker
88	109	12.34	8.4	Biker
89	109	12.555	8.465	Biker
90	109	12.82	8.585	Biker
91	109	12.775	8.665	Biker
92	109	12.63	8.705	Biker
93	109	12.425	8.745	Biker
94	109	12.205	8.785	Biker
95	109	11.985	8.825	Biker
96	109	11.765	8.85	Biker
97	109	11.525	8.89	Biker
98	109	11.285	8.89	Biker
99	109	11.05	8.89	Biker
100	109	10.83	8.89	Biker
101	109	10.59	8.85	Biker
102	109	10.37	8.825	Biker
103	109	10.15	8.805	Biker
104	109	9.91	8.785	Biker
105	109	9.69	8.765	Biker
106	109	9.47	8.745	Biker
107	109	9.23	8.725	Biker
108	109	9.01	8.705	Biker
109	109	8.79	8.685	Biker
110	109	8.55	8.685	Biker
111	109	8.33	8.645	Biker
112	109	8.11	8.625	Biker
113	109	7.87	8.605	Biker
114	109	7.65	8.585	Biker
115	109	7.43	8.565	Biker
116	109	7.19	8.545	Biker
117	109	6.97	8.545	Biker
118	109	6.735	8.505	Biker
119	109	6.515	8.505	Biker
120	109	6.275	8.505	Biker
121	109	6.055	8.505	Biker
122	109	5.815	8.505	Biker
123	109	5.595	8.505	Biker
124	109	5.355	8.505	Biker
125	109	5.135	8.505	Biker
126	109	4.9	8.505	Biker
127	109	4.675	8.505	Biker
128	109	4.44	8.505	Biker
129	109	4.22	8.505	Biker
130	109	3.98	8.505	Biker
131	109	3.76	8.505	Biker
132	109	3.52	8.505	Biker
133	109	3.3	8.505	Biker
134	109	3.06	8.505	Biker
135	109	2.84	8.505	Biker
136	109	2.6	8.505	Biker
137	109	2.38	8.505	Biker
138	109	2.145	8.505	Biker
139	109	1.925	8.505	Biker
140	109	1.685	8.505	Biker
141	109	1.48	8.465	Biker
142	109	1.305	8.465	Biker
143	109	1.145	8.465	Biker
144	109	0.965	8.465	Biker
145	109	0.795	8.425	Biker
146	109	0.62	8.425	Biker
147	109	0.455	8.425	Biker
148	109	0.28	8.425	Biker
149	109	0.22	8.425	Biker
150	109	0.22	8.425	Biker
151	109	0.22	8.425	Biker
152	109	0.22	8.425	Biker
153	109	0.22	8.425	Biker
154	109	0.22	8.425	Biker
155	109	0.22	8.425	Biker
156	109	0.22	8.425	Biker
157	109	0.22	8.425	Biker
158	109	0.22	8.425	Biker
159	109	0.22	8.425	Biker
160	109	0.22	8.425	Biker
161	109	0.22	8.425	Biker
162	109	0.22	8.425	Biker
163	109	0.22	8.425	Biker
164	109	0.22	8.425	Biker
165	109	0.22	8.425	Biker
166	109	0.22	8.425	Biker
167	109	0.22	8.425	Biker
168	109	0.22	8.425	Biker
169	109	0.22	8.425	Biker
170	109	0.22	8.425	Biker
171	109	0.22	8.425	Biker
172	109	0.22	8.425	Biker
173	109	0.22	8.425	Biker
174	109	0.22	8.425	Biker
175	109	0.22	8.425	Biker
176	109	0.22	8.425	Biker
177	109	0.22	8.425	Biker
178	109	0.22	8.425	Biker
179	109	0.22	8.425	Biker
180	109	0.22	8.425	Biker
181	109	0.22	8.425	Biker
182	109	0.22	8.425	Biker
183	109	0.22	8.425	Biker
184	109	0.22	8.425	Biker
185	109	0.22	8.425	Biker
186	109	0.22	8.425	Biker
187	109	0.22	8.425	Biker
188	109	0.22	8.425	Biker
189	109	0.22	8.425	Biker
190	109	0.22	8.425	Biker
191	109	0.22	8.425	Biker
192	109	0.22	8.425	Biker
193	109	0.22	8.425	Biker
194	109	0.22	8.425	Biker
195	109	0.22	8.425	Biker
196	109	0.22	8.425	Biker
197	109	0.22	8.425	Biker
198	109	0.22	8.425	Biker
199	109	0.22	8.425	Biker
200	109	0.22	8.425	Biker
201	109	0.22	8.425	Biker
202	109	0.22	8.425	Biker
203	109	0.22	8.425	Biker
204	109	0.22	8.425	Biker
205	109	0.22	8.425	Biker
206	109	0.22	8.425	Biker
0	110	12.915	9.335	Biker
1	110	12.915	9.295	Biker
2	110	12.915	9.295	Biker
3	110	12.915	9.295	Biker
4	110	12.915	9.295	Biker
5	110	12.915	9.295	Biker
6	110	12.915	9.295	Biker
7	110	12.915	9.295	Biker
8	110	12.915	9.295	Biker
9	110	12.915	9.295	Biker
10	110	12.915	9.295	Biker
11	110	12.915	9.295	Biker
12	110	12.915	9.295	Biker
13	110	12.915	9.295	Biker
14	110	12.915	9.295	Biker
15	110	12.915	9.295	Biker
16	110	12.915	9.295	Biker
17	110	12.915	9.295	Biker
18	110	12.915	9.295	Biker
19	110	12.915	9.295	Biker
20	110	12.915	9.295	Biker
21	110	12.915	9.275	Biker
22	110	12.915	9.275	Biker
23	110	12.915	9.275	Biker
24	110	12.915	9.275	Biker
25	110	12.915	9.275	Biker
26	110	12.915	9.275	Biker
27	110	12.915	9.275	Biker
28	110	12.915	9.275	Biker
29	110	12.915	9.275	Biker
30	110	12.915	9.275	Biker
31	110	12.915	9.275	Biker
32	110	12.915	9.275	Biker
33	110	12.915	9.275	Biker
34	110	12.915	9.255	Biker
35	110	12.915	9.255	Biker
36	110	12.915	9.255	Biker
37	110	12.915	9.255	Biker
38	110	12.915	9.255	Biker
39	110	12.915	9.255	Biker
40	110	12.915	9.255	Biker
41	110	12.915	9.235	Biker
42	110	12.915	9.235	Biker
43	110	12.915	9.235	Biker
44	110	12.915	9.235	Biker
45	110	12.915	9.235	Biker
46	110	12.915	9.235	Biker
47	110	12.915	9.235	Biker
48	110	12.915	9.235	Biker
49	110	12.915	9.235	Biker
50	110	12.915	9.235	Biker
51	110	12.915	9.235	Biker
52	110	12.915	9.235	Biker
53	110	12.915	9.235	Biker
54	110	12.915	9.235	Biker
55	110	12.915	9.235	Biker
56	110	12.915	9.235	Biker
57	110	12.915	9.235	Biker
58	110	12.915	9.235	Biker
59	110	12.915	9.235	Biker
60	110	12.915	9.235	Biker
61	110	12.915	9.215	Biker
62	110	12.915	9.215	Biker
63	110	12.915	9.215	Biker
64	110	12.915	9.215	Biker
65	110	12.915	9.215	Biker
66	110	12.915	9.215	Biker
67	110	12.915	9.195	Biker
68	110	12.915	9.195	Biker
69	110	12.915	9.195	Biker
70	110	12.915	9.195	Biker
71	110	12.915	9.195	Biker
72	110	12.915	9.195	Biker
73	110	12.915	9.195	Biker
74	110	12.915	9.195	Biker
75	110	12.915	9.195	Biker
76	110	12.915	9.195	Biker
77	110	12.915	9.195	Biker
78	110	12.915	9.195	Biker
79	110	12.915	9.195	Biker
80	110	12.915	9.195	Biker
81	110	12.915	9.175	Biker
82	110	12.915	9.175	Biker
83	110	12.915	9.175	Biker
84	110	12.915	9.175	Biker
85	110	12.915	9.175	Biker
86	110	12.915	9.175	Biker
87	110	12.915	9.175	Biker
88	110	12.915	9.175	Biker
89	110	12.915	9.175	Biker
90	110	12.915	9.175	Biker
91	110	12.915	9.175	Biker
92	110	12.915	9.175	Biker
93	110	12.915	9.175	Biker
94	110	12.915	9.175	Biker
95	110	12.915	9.175	Biker
96	110	12.915	9.175	Biker
97	110	12.915	9.175	Biker
98	110	12.915	9.175	Biker
99	110	12.915	9.175	Biker
100	110	12.915	9.175	Biker
101	110	12.905	9.155	Biker
102	110	12.905	9.155	Biker
103	110	12.915	9.135	Biker
104	110	12.915	9.155	Biker
105	110	12.915	9.135	Biker
106	110	12.735	9.115	Biker
107	110	12.425	9.115	Biker
108	110	12.13	9.115	Biker
109	110	11.82	9.075	Biker
110	110	11.525	9.075	Biker
111	110	11.215	9.075	Biker
112	110	10.92	9.03	Biker
113	110	10.605	9.03	Biker
114	110	10.315	9.03	Biker
115	110	10.0	8.99	Biker
116	110	9.71	8.99	Biker
117	110	9.395	8.99	Biker
118	110	9.105	8.95	Biker
119	110	8.79	8.95	Biker
120	110	8.495	8.95	Biker
121	110	8.205	8.95	Biker
122	110	7.87	8.95	Biker
123	110	7.54	8.95	Biker
124	110	7.23	8.99	Biker
125	110	6.9	8.99	Biker
126	110	6.57	9.03	Biker
127	110	6.255	9.03	Biker
128	110	5.925	9.03	Biker
129	110	5.595	9.075	Biker
130	110	5.285	9.075	Biker
131	110	4.955	9.115	Biker
132	110	4.62	9.115	Biker
133	110	4.31	9.115	Biker
134	110	4.015	9.155	Biker
135	110	3.74	9.155	Biker
136	110	3.465	9.155	Biker
137	110	3.19	9.155	Biker
138	110	2.915	9.155	Biker
139	110	2.64	9.155	Biker
140	110	2.28	9.115	Biker
141	110	1.93	9.115	Biker
142	110	1.585	9.115	Biker
143	110	1.235	9.115	Biker
144	110	0.885	9.115	Biker
145	110	0.545	9.115	Biker
146	110	0.225	9.115	Biker
147	110	0.125	9.155	Biker
148	110	0.125	9.155	Biker
149	110	0.125	9.155	Biker
150	110	0.125	9.155	Biker
151	110	0.125	9.155	Biker
152	110	0.125	9.155	Biker
153	110	0.125	9.155	Biker
154	110	0.125	9.155	Biker
155	110	0.125	9.155	Biker
156	110	0.125	9.155	Biker
157	110	0.125	9.155	Biker
158	110	0.125	9.155	Biker
159	110	0.125	9.155	Biker
160	110	0.125	9.155	Biker
161	110	0.125	9.155	Biker
162	110	0.125	9.155	Biker
163	110	0.125	9.155	Biker
164	110	0.125	9.155	Biker
165	110	0.125	9.155	Biker
166	110	0.125	9.155	Biker
167	110	0.125	9.155	Biker
168	110	0.125	9.155	Biker
169	110	0.125	9.155	Biker
170	110	0.125	9.155	Biker
171	110	0.125	9.155	Biker
172	110	0.125	9.155	Biker
173	110	0.125	9.155	Biker
174	110	0.125	9.155	Biker
175	110	0.125	9.155	Biker
176	110	0.125	9.155	Biker
177	110	0.125	9.155	Biker
178	110	0.125	9.155	Biker
179	110	0.125	9.155	Biker
180	110	0.125	9.155	Biker
181	110	0.125	9.155	Biker
182	110	0.125	9.155	Biker
183	110	0.125	9.155	Biker
184	110	0.125	9.155	Biker
185	110	0.125	9.155	Biker
186	110	0.125	9.155	Biker
187	110	0.125	9.155	Biker
188	110	0.125	9.155	Biker
189	110	0.125	9.155	Biker
190	110	0.125	9.155	Biker
191	110	0.125	9.155	Biker
192	110	0.125	9.155	Biker
193	110	0.125	9.155	Biker
194	110	0.125	9.155	Biker
195	110	0.125	9.155	Biker
196	110	0.125	9.155	Biker
197	110	0.125	9.155	Biker
198	110	0.125	9.155	Biker
199	110	0.125	9.155	Biker
200	110	0.125	9.155	Biker
201	110	0.125	9.155	Biker
202	110	0.125	9.155	Biker
203	110	0.125	9.155	Biker
204	110	0.125	9.155	Biker
205	110	0.125	9.155	Biker
206	110	0.125	9.155	Biker
0	112	0.33	11.24	Biker
1	112	0.32	11.2	Biker
2	112	0.32	11.2	Biker
3	112	0.32	11.2	Biker
4	112	0.32	11.2	Biker
5	112	0.32	11.2	Biker
6	112	0.32	11.2	Biker
7	112	0.32	11.2	Biker
8	112	0.32	11.2	Biker
9	112	0.32	11.2	Biker
10	112	0.32	11.2	Biker
11	112	0.32	11.2	Biker
12	112	0.32	11.2	Biker
13	112	0.32	11.2	Biker
14	112	0.32	11.2	Biker
15	112	0.32	11.2	Biker
16	112	0.32	11.2	Biker
17	112	0.32	11.2	Biker
18	112	0.32	11.2	Biker
19	112	0.32	11.2	Biker
20	112	0.32	11.2	Biker
21	112	0.32	11.18	Biker
22	112	0.32	11.18	Biker
23	112	0.32	11.18	Biker
24	112	0.32	11.18	Biker
25	112	0.32	11.18	Biker
26	112	0.32	11.16	Biker
27	112	0.32	11.16	Biker
28	112	0.32	11.16	Biker
29	112	0.32	11.16	Biker
30	112	0.32	11.16	Biker
31	112	0.32	11.16	Biker
32	112	0.32	11.16	Biker
33	112	0.32	11.16	Biker
34	112	0.31	11.16	Biker
35	112	0.31	11.16	Biker
36	112	0.31	11.16	Biker
37	112	0.31	11.16	Biker
38	112	0.31	11.16	Biker
39	112	0.31	11.16	Biker
40	112	0.31	11.16	Biker
41	112	0.31	11.135	Biker
42	112	0.31	11.135	Biker
43	112	0.31	11.135	Biker
44	112	0.31	11.135	Biker
45	112	0.31	11.135	Biker
46	112	0.31	11.135	Biker
47	112	0.31	11.135	Biker
48	112	0.31	11.135	Biker
49	112	0.31	11.135	Biker
50	112	0.31	11.135	Biker
51	112	0.31	11.115	Biker
52	112	0.31	11.115	Biker
53	112	0.31	11.115	Biker
54	112	0.31	11.115	Biker
55	112	0.31	11.115	Biker
56	112	0.31	11.115	Biker
57	112	0.31	11.115	Biker
58	112	0.31	11.115	Biker
59	112	0.31	11.115	Biker
60	112	0.31	11.115	Biker
61	112	0.31	11.095	Biker
62	112	0.31	11.095	Biker
63	112	0.31	11.095	Biker
64	112	0.31	11.095	Biker
65	112	0.31	11.095	Biker
66	112	0.31	11.095	Biker
67	112	0.3	11.095	Biker
68	112	0.3	11.095	Biker
69	112	0.3	11.095	Biker
70	112	0.3	11.095	Biker
71	112	0.3	11.095	Biker
72	112	0.3	11.095	Biker
73	112	0.3	11.095	Biker
74	112	0.3	11.095	Biker
75	112	0.3	11.095	Biker
76	112	0.3	11.075	Biker
77	112	0.3	11.075	Biker
78	112	0.3	11.075	Biker
79	112	0.3	11.075	Biker
80	112	0.3	11.075	Biker
81	112	0.3	11.055	Biker
82	112	0.3	11.055	Biker
83	112	0.3	11.055	Biker
84	112	0.3	11.055	Biker
85	112	0.3	11.055	Biker
86	112	0.3	11.055	Biker
87	112	0.3	11.055	Biker
88	112	0.3	11.055	Biker
89	112	0.3	11.055	Biker
90	112	0.3	11.055	Biker
91	112	0.3	11.055	Biker
92	112	0.3	11.055	Biker
93	112	0.3	11.055	Biker
94	112	0.3	11.055	Biker
95	112	0.3	11.055	Biker
96	112	0.3	11.055	Biker
97	112	0.3	11.055	Biker
98	112	0.3	11.055	Biker
99	112	0.3	11.055	Biker
100	112	0.3	11.055	Biker
101	112	0.295	11.035	Biker
102	112	0.295	11.015	Biker
103	112	0.3	11.015	Biker
104	112	0.31	10.995	Biker
105	112	0.32	10.975	Biker
106	112	0.38	10.955	Biker
107	112	0.75	10.955	Biker
108	112	1.095	10.955	Biker
109	112	1.465	10.915	Biker
110	112	1.83	10.915	Biker
111	112	2.18	10.915	Biker
112	112	2.55	10.875	Biker
113	112	2.895	10.875	Biker
114	112	3.265	10.875	Biker
115	112	3.61	10.835	Biker
116	112	3.98	10.835	Biker
117	112	4.33	10.835	Biker
118	112	4.695	10.795	Biker
119	112	5.045	10.795	Biker
120	112	5.41	10.795	Biker
121	112	5.78	10.795	Biker
122	112	6.11	10.795	Biker
123	112	6.46	10.795	Biker
124	112	6.8	10.795	Biker
125	112	7.14	10.795	Biker
126	112	7.48	10.795	Biker
127	112	7.825	10.815	Biker
128	112	8.16	10.815	Biker
129	112	8.505	10.815	Biker
130	112	8.855	10.815	Biker
131	112	9.185	10.815	Biker
132	112	9.53	10.835	Biker
133	112	9.87	10.835	Biker
134	112	10.21	10.835	Biker
135	112	10.55	10.835	Biker
136	112	10.9	10.835	Biker
137	112	11.25	10.875	Biker
138	112	11.58	10.855	Biker
139	112	11.91	10.855	Biker
140	112	12.24	10.855	Biker
141	112	12.57	10.855	Biker
142	112	12.92	10.855	Biker
143	112	12.92	10.855	Biker
144	112	12.92	10.855	Biker
145	112	12.92	10.855	Biker
146	112	12.92	10.855	Biker
147	112	12.92	10.855	Biker
148	112	12.92	10.855	Biker
149	112	12.92	10.855	Biker
150	112	12.92	10.855	Biker
151	112	12.92	10.855	Biker
152	112	12.92	10.855	Biker
153	112	12.92	10.855	Biker
154	112	12.92	10.855	Biker
155	112	12.92	10.855	Biker
156	112	12.92	10.855	Biker
157	112	12.92	10.855	Biker
158	112	12.92	10.855	Biker
159	112	12.92	10.855	Biker
160	112	12.92	10.855	Biker
161	112	12.92	10.855	Biker
162	112	12.92	10.855	Biker
163	112	12.92	10.855	Biker
164	112	12.92	10.855	Biker
165	112	12.92	10.855	Biker
166	112	12.92	10.855	Biker
167	112	12.92	10.855	Biker
168	112	12.92	10.855	Biker
169	112	12.92	10.855	Biker
170	112	12.92	10.855	Biker
171	112	12.92	10.855	Biker
172	112	12.92	10.855	Biker
173	112	12.92	10.855	Biker
174	112	12.92	10.855	Biker
175	112	12.92	10.855	Biker
176	112	12.92	10.855	Biker
177	112	12.92	10.855	Biker
178	112	12.92	10.855	Biker
179	112	12.92	10.855	Biker
180	112	12.92	10.855	Biker
181	112	12.92	10.855	Biker
182	112	12.92	10.855	Biker
183	112	12.92	10.855	Biker
184	112	12.92	10.855	Biker
185	112	12.92	10.855	Biker
186	112	12.92	10.855	Biker
187	112	12.92	10.855	Biker
188	112	12.92	10.855	Biker
189	112	12.92	10.855	Biker
190	112	12.92	10.855	Biker
191	112	12.92	10.855	Biker
192	112	12.92	10.855	Biker
193	112	12.92	10.855	Biker
194	112	12.92	10.855	Biker
195	112	12.92	10.855	Biker
196	112	12.92	10.855	Biker
197	112	12.92	10.855	Biker
198	112	12.92	10.855	Biker
199	112	12.92	10.855	Biker
200	112	12.92	10.855	Biker
201	112	12.92	10.855	Biker
202	112	12.92	10.855	Biker
203	112	12.92	10.855	Biker
204	112	12.92	10.855	Biker
205	112	12.92	10.855	Biker
206	112	12.92	10.855	Biker
100	113	0.29	10.855	Biker
101	113	0.28	10.855	Biker
102	113	0.28	10.855	Biker
103	113	0.28	10.855	Biker
104	113	0.28	10.855	Biker
105	113	0.28	10.855	Biker
106	113	0.28	10.855	Biker
107	113	0.28	10.855	Biker
108	113	0.28	10.855	Biker
109	113	0.28	10.855	Biker
110	113	0.28	10.855	Biker
111	113	0.28	10.855	Biker
112	113	0.28	10.855	Biker
113	113	0.28	10.855	Biker
114	113	0.28	10.855	Biker
115	113	0.28	10.855	Biker
116	113	0.28	10.855	Biker
117	113	0.28	10.855	Biker
118	113	0.28	10.855	Biker
119	113	0.28	10.855	Biker
120	113	0.28	10.855	Biker
121	113	0.28	10.855	Biker
122	113	0.28	10.855	Biker
123	113	0.28	10.855	Biker
124	113	0.28	10.855	Biker
125	113	0.45	10.895	Biker
126	113	0.91	10.895	Biker
127	113	1.37	10.895	Biker
128	113	1.83	10.935	Biker
129	113	2.29	10.935	Biker
130	113	2.75	10.975	Biker
131	113	3.19	10.975	Biker
132	113	3.63	10.975	Biker
133	113	4.09	10.975	Biker
134	113	4.53	10.975	Biker
135	113	4.97	10.975	Biker
136	113	5.43	10.975	Biker
137	113	5.87	10.975	Biker
138	113	6.31	10.975	Biker
139	113	6.77	10.975	Biker
140	113	7.21	10.975	Biker
141	113	7.65	10.975	Biker
142	113	8.11	10.975	Biker
143	113	8.51	10.935	Biker
144	113	8.94	10.935	Biker
145	113	9.36	10.935	Biker
146	113	9.78	10.935	Biker
147	113	10.19	10.935	Biker
148	113	10.61	10.935	Biker
149	113	11.03	10.935	Biker
150	113	11.45	10.935	Biker
151	113	11.86	10.935	Biker
152	113	12.28	10.935	Biker
153	113	12.7	10.935	Biker
154	113	12.94	10.935	Biker
155	113	12.94	10.935	Biker
156	113	12.94	10.935	Biker
157	113	12.94	10.935	Biker
158	113	12.94	10.935	Biker
159	113	12.94	10.935	Biker
160	113	12.94	10.935	Biker
161	113	12.94	10.935	Biker
162	113	12.94	10.935	Biker
163	113	12.94	10.935	Biker
164	113	12.94	10.935	Biker
165	113	12.94	10.935	Biker
166	113	12.94	10.935	Biker
167	113	12.94	10.935	Biker
168	113	12.94	10.935	Biker
169	113	12.94	10.935	Biker
170	113	12.94	10.935	Biker
171	113	12.94	10.935	Biker
172	113	12.94	10.935	Biker
173	113	12.94	10.935	Biker
174	113	12.94	10.935	Biker
175	113	12.94	10.935	Biker
176	113	12.94	10.935	Biker
177	113	12.94	10.935	Biker
178	113	12.94	10.935	Biker
179	113	12.94	10.935	Biker
180	113	12.94	10.935	Biker
181	113	12.94	10.935	Biker
182	113	12.94	10.935	Biker
183	113	12.94	10.935	Biker
184	113	12.94	10.935	Biker
185	113	12.94	10.935	Biker
186	113	12.94	10.935	Biker
187	113	12.94	10.935	Biker
188	113	12.94	10.935	Biker
189	113	12.94	10.935	Biker
190	113	12.94	10.935	Biker
191	113	12.94	10.935	Biker
192	113	12.94	10.935	Biker
193	113	12.94	10.935	Biker
194	113	12.94	10.935	Biker
195	113	12.94	10.935	Biker
196	113	12.94	10.935	Biker
197	113	12.94	10.935	Biker
198	113	12.94	10.935	Biker
199	113	12.94	10.935	Biker
200	113	12.94	10.935	Biker
201	113	12.94	10.935	Biker
202	113	12.94	10.935	Biker
203	113	12.94	10.935	Biker
204	113	12.94	10.935	Biker
205	113	12.94	10.935	Biker
206	113	12.94	10.935	Biker
100	114	12.94	1.855	Biker
101	114	12.94	1.855	Biker
102	114	12.94	1.855	Biker
103	114	12.94	1.855	Biker
104	114	12.94	1.855	Biker
105	114	12.94	1.855	Biker
106	114	12.94	1.855	Biker
107	114	12.94	1.855	Biker
108	114	12.94	1.855	Biker
109	114	12.94	1.855	Biker
110	114	12.94	1.855	Biker
111	114	12.94	1.855	Biker
112	114	12.94	1.855	Biker
113	114	12.94	1.855	Biker
114	114	12.94	1.855	Biker
115	114	12.94	1.855	Biker
116	114	12.94	1.855	Biker
117	114	12.94	1.855	Biker
118	114	12.94	1.855	Biker
119	114	12.94	1.855	Biker
120	114	12.94	1.855	Biker
121	114	12.94	1.855	Biker
122	114	12.94	1.855	Biker
123	114	12.94	1.855	Biker
124	114	12.94	1.855	Biker
125	114	12.94	1.855	Biker
126	114	12.94	1.855	Biker
127	114	12.94	1.855	Biker
128	114	12.94	1.855	Biker
129	114	12.94	1.855	Biker
130	114	12.94	1.855	Biker
131	114	12.94	1.855	Biker
132	114	12.94	1.855	Biker
133	114	12.94	1.855	Biker
134	114	12.94	1.855	Biker
135	114	12.94	1.855	Biker
136	114	12.94	1.855	Biker
137	114	12.94	1.855	Biker
138	114	12.94	1.855	Biker
139	114	12.94	1.855	Biker
140	114	12.94	1.855	Biker
141	114	12.94	1.855	Biker
142	114	12.94	1.855	Biker
143	114	12.94	1.855	Biker
144	114	12.94	1.855	Biker
145	114	12.94	1.855	Biker
146	114	12.94	1.855	Biker
147	114	12.94	1.855	Biker
148	114	12.94	1.855	Biker
149	114	12.94	1.855	Biker
150	114	12.94	1.855	Biker
151	114	12.94	1.855	Biker
152	114	12.94	1.855	Biker
153	114	12.94	1.855	Biker
154	114	12.94	1.855	Biker
155	114	12.94	1.855	Biker
156	114	12.94	1.855	Biker
157	114	12.94	1.855	Biker
158	114	12.94	1.855	Biker
159	114	12.94	1.855	Biker
160	114	12.94	1.855	Biker
161	114	12.94	1.855	Biker
162	114	12.94	1.855	Biker
163	114	12.94	1.855	Biker
164	114	12.94	1.855	Biker
165	114	12.94	1.855	Biker
166	114	12.94	1.855	Biker
167	114	12.94	1.855	Biker
168	114	12.94	1.855	Biker
169	114	12.94	1.855	Biker
170	114	12.94	1.855	Biker
171	114	12.94	1.855	Biker
172	114	12.94	1.855	Biker
173	114	12.94	1.855	Biker
174	114	12.94	1.855	Biker
175	114	12.94	1.855	Biker
176	114	12.94	1.855	Biker
177	114	12.94	1.855	Biker
178	114	12.94	1.855	Biker
179	114	12.94	1.855	Biker
180	114	12.94	1.855	Biker
181	114	12.94	1.855	Biker
182	114	12.94	1.855	Biker
183	114	12.94	1.855	Biker
184	114	12.94	1.855	Biker
185	114	12.94	1.855	Biker
186	114	12.94	1.855	Biker
187	114	12.94	1.855	Biker
188	114	12.94	1.855	Biker
189	114	12.94	1.855	Biker
190	114	12.94	1.855	Biker
191	114	12.94	1.855	Biker
192	114	12.94	1.855	Biker
193	114	12.94	1.855	Biker
194	114	12.845	1.775	Biker
195	114	12.7	1.695	Biker
196	114	12.535	1.595	Biker
197	114	12.39	1.495	Biker
198	114	12.245	1.395	Biker
199	114	12.095	1.315	Biker
200	114	11.945	1.23	Biker
201	114	11.785	1.19	Biker
202	114	11.615	1.11	Biker
203	114	11.47	1.025	Biker
204	114	11.285	0.945	Biker
205	114	11.125	0.845	Biker
206	114	10.935	0.765	Biker
0	115	10.535	10.55	Biker
1	115	10.755	10.55	Biker
2	115	10.975	10.59	Biker
3	115	11.195	10.63	Biker
4	115	11.415	10.67	Biker
5	115	11.635	10.71	Biker
6	115	11.855	10.75	Biker
7	115	12.075	10.75	Biker
8	115	12.295	10.79	Biker
9	115	12.515	10.79	Biker
10	115	12.74	10.83	Biker
11	115	12.795	10.79	Biker
12	115	12.86	10.79	Biker
13	115	12.86	10.79	Biker
14	115	12.86	10.79	Biker
15	115	12.86	10.79	Biker
16	115	12.86	10.79	Biker
17	115	12.86	10.79	Biker
18	115	12.86	10.79	Biker
19	115	12.86	10.79	Biker
20	115	12.86	10.79	Biker
21	115	12.86	10.79	Biker
22	115	12.86	10.79	Biker
23	115	12.86	10.79	Biker
24	115	12.86	10.79	Biker
25	115	12.86	10.79	Biker
26	115	12.86	10.79	Biker
27	115	12.86	10.79	Biker
28	115	12.86	10.79	Biker
29	115	12.86	10.79	Biker
30	115	12.86	10.79	Biker
31	115	12.86	10.79	Biker
32	115	12.86	10.79	Biker
33	115	12.86	10.79	Biker
34	115	12.86	10.79	Biker
35	115	12.86	10.79	Biker
36	115	12.86	10.79	Biker
37	115	12.86	10.79	Biker
38	115	12.86	10.79	Biker
39	115	12.86	10.79	Biker
40	115	12.86	10.79	Biker
41	115	12.86	10.79	Biker
42	115	12.86	10.79	Biker
43	115	12.86	10.79	Biker
44	115	12.86	10.79	Biker
45	115	12.86	10.79	Biker
46	115	12.86	10.79	Biker
47	115	12.86	10.79	Biker
48	115	12.86	10.79	Biker
49	115	12.86	10.79	Biker
50	115	12.86	10.79	Biker
51	115	12.86	10.79	Biker
52	115	12.86	10.79	Biker
53	115	12.86	10.79	Biker
54	115	12.86	10.79	Biker
55	115	12.86	10.79	Biker
56	115	12.86	10.79	Biker
57	115	12.86	10.79	Biker
58	115	12.86	10.79	Biker
59	115	12.86	10.79	Biker
60	115	12.86	10.79	Biker
61	115	12.86	10.79	Biker
62	115	12.86	10.79	Biker
63	115	12.86	10.79	Biker
64	115	12.86	10.79	Biker
65	115	12.86	10.79	Biker
66	115	12.86	10.79	Biker
67	115	12.86	10.79	Biker
68	115	12.86	10.79	Biker
69	115	12.86	10.79	Biker
70	115	12.86	10.79	Biker
71	115	12.86	10.79	Biker
72	115	12.86	10.79	Biker
73	115	12.86	10.79	Biker
74	115	12.86	10.79	Biker
75	115	12.86	10.79	Biker
76	115	12.86	10.79	Biker
77	115	12.86	10.79	Biker
78	115	12.86	10.79	Biker
79	115	12.86	10.79	Biker
80	115	12.86	10.79	Biker
81	115	12.86	10.79	Biker
82	115	12.86	10.79	Biker
83	115	12.86	10.79	Biker
84	115	12.86	10.79	Biker
85	115	12.86	10.79	Biker
86	115	12.86	10.79	Biker
87	115	12.86	10.79	Biker
88	115	12.86	10.79	Biker
89	115	12.86	10.79	Biker
90	115	12.86	10.79	Biker
91	115	12.86	10.79	Biker
92	115	12.86	10.79	Biker
93	115	12.86	10.79	Biker
94	115	12.86	10.79	Biker
95	115	12.86	10.79	Biker
96	115	12.86	10.79	Biker
97	115	12.86	10.79	Biker
98	115	12.86	10.79	Biker
99	115	12.86	10.79	Biker
100	115	12.86	10.79	Biker
101	115	12.86	10.79	Biker
102	115	12.86	10.79	Biker
103	115	12.86	10.79	Biker
104	115	12.86	10.79	Biker
105	115	12.86	10.79	Biker
106	115	12.86	10.79	Biker
0	116	0.335	11.2	Biker
1	116	0.33	11.16	Biker
2	116	0.33	11.16	Biker
3	116	0.33	11.16	Biker
4	116	0.33	11.16	Biker
5	116	0.33	11.16	Biker
6	116	0.33	11.16	Biker
7	116	0.33	11.16	Biker
8	116	0.33	11.14	Biker
9	116	0.33	11.14	Biker
10	116	0.33	11.14	Biker
11	116	0.33	11.14	Biker
12	116	0.33	11.14	Biker
13	116	0.33	11.12	Biker
14	116	0.33	11.12	Biker
15	116	0.33	11.095	Biker
16	116	0.33	11.095	Biker
17	116	0.33	11.095	Biker
18	116	0.33	11.095	Biker
19	116	0.33	11.095	Biker
20	116	0.33	11.095	Biker
21	116	0.33	11.095	Biker
22	116	0.33	11.075	Biker
23	116	0.33	11.075	Biker
24	116	0.33	11.075	Biker
25	116	0.33	11.055	Biker
26	116	0.33	11.055	Biker
27	116	0.33	11.055	Biker
28	116	0.33	11.055	Biker
29	116	0.33	11.035	Biker
30	116	0.33	11.035	Biker
31	116	0.33	11.035	Biker
32	116	0.33	11.035	Biker
33	116	0.33	11.035	Biker
34	116	0.33	11.035	Biker
35	116	0.33	11.035	Biker
36	116	0.33	11.035	Biker
37	116	0.4	10.975	Biker
38	116	0.63	11.015	Biker
39	116	0.88	11.035	Biker
40	116	1.115	11.075	Biker
41	116	1.35	11.115	Biker
42	116	1.6	11.16	Biker
43	116	1.88	11.115	Biker
44	116	2.17	11.115	Biker
45	116	2.46	11.075	Biker
46	116	2.74	11.075	Biker
47	116	3.03	11.075	Biker
48	116	3.33	11.035	Biker
49	116	3.6	11.035	Biker
50	116	3.9	10.995	Biker
51	116	4.19	10.995	Biker
52	116	4.48	10.995	Biker
53	116	4.74	10.955	Biker
54	116	5.02	10.955	Biker
55	116	5.29	10.915	Biker
56	116	5.57	10.915	Biker
57	116	5.84	10.915	Biker
58	116	6.12	10.875	Biker
59	116	6.39	10.875	Biker
60	116	6.67	10.835	Biker
61	116	6.945	10.835	Biker
62	116	7.22	10.835	Biker
63	116	7.48	10.795	Biker
64	116	7.75	10.795	Biker
65	116	8.03	10.755	Biker
66	116	8.3	10.755	Biker
67	116	8.58	10.755	Biker
68	116	8.84	10.715	Biker
69	116	9.11	10.715	Biker
70	116	9.39	10.675	Biker
71	116	9.66	10.675	Biker
72	116	9.94	10.675	Biker
73	116	10.21	10.675	Biker
74	116	10.49	10.715	Biker
75	116	10.76	10.715	Biker
76	116	11.06	10.755	Biker
77	116	11.33	10.755	Biker
78	116	11.63	10.795	Biker
79	116	11.92	10.795	Biker
80	116	12.21	10.835	Biker
81	116	12.47	10.835	Biker
82	116	12.75	10.835	Biker
83	116	12.865	10.835	Biker
84	116	12.995	10.835	Biker
85	116	12.995	10.835	Biker
86	116	12.995	10.835	Biker
87	116	12.995	10.835	Biker
88	116	12.995	10.835	Biker
89	116	12.995	10.835	Biker
90	116	12.995	10.835	Biker
91	116	12.995	10.835	Biker
92	116	12.995	10.835	Biker
93	116	12.995	10.835	Biker
94	116	12.995	10.835	Biker
95	116	12.995	10.835	Biker
96	116	12.995	10.835	Biker
97	116	12.995	10.835	Biker
98	116	12.995	10.835	Biker
99	116	12.995	10.835	Biker
100	116	12.995	10.835	Biker
101	116	12.995	10.835	Biker
102	116	12.995	10.835	Biker
103	116	12.995	10.835	Biker
104	116	12.995	10.835	Biker
105	116	12.995	10.835	Biker
106	116	12.995	10.835	Biker
0	117	12.735	8.745	Biker
1	117	12.735	8.745	Biker
2	117	12.735	8.745	Biker
3	117	12.735	8.745	Biker
4	117	12.735	8.745	Biker
5	117	12.735	8.745	Biker
6	117	12.735	8.745	Biker
7	117	12.735	8.745	Biker
8	117	12.735	8.745	Biker
9	117	12.735	8.745	Biker
10	117	12.735	8.745	Biker
11	117	12.735	8.745	Biker
12	117	12.735	8.745	Biker
13	117	12.735	8.745	Biker
14	117	12.735	8.745	Biker
15	117	12.735	8.745	Biker
16	117	12.735	8.745	Biker
17	117	12.735	8.745	Biker
18	117	12.735	8.745	Biker
19	117	12.735	8.745	Biker
20	117	12.735	8.745	Biker
21	117	12.735	8.745	Biker
22	117	12.735	8.745	Biker
23	117	12.735	8.745	Biker
24	117	12.735	8.745	Biker
25	117	12.735	8.745	Biker
26	117	12.735	8.745	Biker
27	117	12.735	8.745	Biker
28	117	12.735	8.745	Biker
29	117	12.735	8.745	Biker
30	117	12.735	8.745	Biker
31	117	12.735	8.745	Biker
32	117	12.735	8.745	Biker
33	117	12.735	8.745	Biker
34	117	12.735	8.745	Biker
35	117	12.735	8.745	Biker
36	117	12.735	8.745	Biker
37	117	12.735	8.745	Biker
38	117	12.735	8.745	Biker
39	117	12.735	8.745	Biker
40	117	12.735	8.745	Biker
41	117	12.735	8.745	Biker
42	117	12.575	8.745	Biker
43	117	12.15	8.745	Biker
44	117	11.745	8.785	Biker
45	117	11.325	8.805	Biker
46	117	10.92	8.83	Biker
47	117	10.495	8.85	Biker
48	117	10.075	8.89	Biker
49	117	9.655	8.89	Biker
50	117	9.215	8.93	Biker
51	117	8.79	8.93	Biker
52	117	8.35	8.97	Biker
53	117	7.925	8.97	Biker
54	117	7.485	9.01	Biker
55	117	7.045	9.01	Biker
56	117	6.605	9.05	Biker
57	117	6.145	9.05	Biker
58	117	5.705	9.095	Biker
59	117	5.265	9.095	Biker
60	117	4.825	9.095	Biker
61	117	4.4	9.095	Biker
62	117	3.96	9.05	Biker
63	117	3.54	9.01	Biker
64	117	3.1	9.01	Biker
65	117	2.675	8.97	Biker
66	117	2.235	8.97	Biker
67	117	1.795	8.97	Biker
68	117	1.37	9.01	Biker
69	117	0.93	9.01	Biker
70	117	0.59	9.01	Biker
71	117	0.41	8.89	Biker
72	117	0.3	8.85	Biker
73	117	0.3	8.85	Biker
74	117	0.3	8.85	Biker
75	117	0.3	8.85	Biker
76	117	0.3	8.85	Biker
77	117	0.3	8.85	Biker
78	117	0.3	8.85	Biker
79	117	0.3	8.85	Biker
80	117	0.3	8.85	Biker
81	117	0.3	8.85	Biker
82	117	0.3	8.85	Biker
83	117	0.3	8.85	Biker
84	117	0.3	8.85	Biker
85	117	0.3	8.85	Biker
86	117	0.3	8.85	Biker
87	117	0.3	8.85	Biker
88	117	0.3	8.85	Biker
89	117	0.3	8.85	Biker
90	117	0.3	8.85	Biker
91	117	0.3	8.85	Biker
92	117	0.3	8.85	Biker
93	117	0.3	8.85	Biker
94	117	0.3	8.85	Biker
95	117	0.3	8.85	Biker
96	117	0.3	8.85	Biker
97	117	0.3	8.85	Biker
98	117	0.3	8.85	Biker
99	117	0.3	8.85	Biker
100	117	0.3	8.85	Biker
101	117	0.3	8.85	Biker
102	117	0.3	8.85	Biker
103	117	0.3	8.85	Biker
104	117	0.3	8.85	Biker
105	117	0.3	8.85	Biker
106	117	0.3	8.85	Biker
